기준_년분기_코드,행정동_코드,행정동_코드_명,총_상주인구_수,남성_상주인구_수,여성_상주인구_수,연령대_10_상주인구_수,연령대_20_상주인구_수,연령대_30_상주인구_수,연령대_40_상주인구_수,연령대_50_상주인구_수,연령대_60_이상_상주인구_수,남성연령대_10_상주인구_수,남성연령대_20_상주인구_수,남성연령대_30_상주인구_수,남성연령대_40_상주인구_수,남성연령대_50_상주인구_수,남성연령대_60_이상_상주인구_수,여성연령대_10_상주인구_수,여성연령대_20_상주인구_수,여성연령대_30_상주인구_수,여성연령대_40_상주인구_수,여성연령대_50_상주인구_수,여성연령대_60_이상_상주인구_수,총_가구_수
20251,11650651,양재1동,41970,19916,22054,7162,4669,5981,7018,6403,10737,3612,2305,2898,3364,3050,4687,3550,2364,3083,3654,3353,6050,17799
20251,11440730,성산2동,38537,17159,21378,4756,6487,6726,5575,5968,9025,2416,2439,3011,2635,2891,3767,2340,4048,3715,2940,3077,5258,19332
20251,11305534,삼양동,22402,11147,11255,2574,2809,2595,3062,4170,7192,1354,1477,1373,1585,2071,3287,1220,1332,1222,1477,2099,3905,10805
20251,11380570,대조동,27359,12627,14732,2350,5092,4895,3556,4097,7369,1168,2033,2437,1772,1972,3245,1182,3059,2458,1784,2125,4124,15341
20251,11620605,은천동,32359,15843,16516,4077,5082,5050,4730,4764,8656,2107,2408,2642,2396,2413,3877,1970,2674,2408,2334,2351,4779,16051
20251,11290685,길음2동,21666,10347,11319,4065,2507,2856,3847,3714,4677,2097,1180,1335,1818,1835,2082,1968,1327,1521,2029,1879,2595,8617
20251,11440655,서강동,24556,11694,12862,3262,4707,4051,3790,3723,5023,1689,2198,1925,1859,1775,2248,1573,2509,2126,1931,1948,2775,12147
20251,11290610,보문동,16145,7748,8397,1933,2644,2807,2275,2686,3800,957,1228,1404,1166,1307,1686,976,1416,1403,1109,1379,2114,8126
20251,11380530,불광2동,26600,12782,13818,2240,3809,3761,3318,4614,8858,1149,1840,1946,1713,2193,3941,1091,1969,1815,1605,2421,4917,13965
20251,11215780,능동,11053,5063,5990,919,2217,2459,1604,1443,2411,462,958,1120,771,687,1065,457,1259,1339,833,756,1346,6456
20251,11320680,쌍문3동,16449,7872,8577,1590,2375,2361,2240,2788,5095,791,1114,1214,1151,1332,2270,799,1261,1147,1089,1456,2825,8192
20251,11470520,목2동,28816,13924,14892,3551,4299,5100,4253,4698,6915,1877,2069,2568,2067,2174,3169,1674,2230,2532,2186,2524,3746,13299
20251,11215820,자양1동,21795,10556,11239,2105,3873,3812,3127,3377,5501,1095,1879,1986,1530,1654,2412,1010,1994,1826,1597,1723,3089,11960
20251,11350670,상계5동,22979,11152,11827,2533,2909,2567,2991,4369,7610,1298,1503,1383,1484,2114,3370,1235,1406,1184,1507,2255,4240,10900
20251,11560660,신길4동,10315,5096,5219,1110,1231,1489,1375,1756,3354,579,630,796,714,871,1506,531,601,693,661,885,1848,5081
20251,11470580,신월3동,14261,7502,6759,1565,1685,1854,1910,2539,4708,840,892,1002,1044,1408,2316,725,793,852,866,1131,2392,7693
20251,11740560,고덕2동,22684,11427,11257,4754,2039,3425,4400,3203,4863,2520,1039,1636,2261,1594,2377,2234,1000,1789,2139,1609,2486,8924
20251,11260580,상봉1동,23195,11266,11929,3239,2914,3373,3269,3951,6449,1690,1420,1675,1676,1851,2954,1549,1494,1698,1593,2100,3495,10132
20251,11500591,화곡6동,24357,11645,12712,2370,4127,4399,3369,3688,6404,1244,1810,2169,1757,1755,2910,1126,2317,2230,1612,1933,3494,12808
20251,11500550,화곡2동,17041,8180,8861,2091,2333,2600,2758,2777,4482,1053,1136,1390,1368,1307,1926,1038,1197,1210,1390,1470,2556,8150
20251,11170520,용산2가동,8866,4311,4555,691,1307,1624,1227,1243,2774,361,663,845,659,590,1193,330,644,779,568,653,1581,5007
20251,11500615,우장산동,43709,20877,22832,8547,5208,5251,8190,7110,9403,4204,2384,2553,3812,3546,4378,4343,2824,2698,4378,3564,5025,16799
20251,11140605,을지로동,3208,1742,1466,211,512,956,454,370,705,98,203,536,249,225,431,113,309,420,205,145,274,2292
20251,11260620,묵1동,33661,16051,17610,4651,4688,4558,5110,5530,9124,2354,2163,2237,2504,2664,4129,2297,2525,2321,2606,2866,4995,14934
20251,11740590,암사3동,17136,8416,8720,3437,1763,2030,3124,2594,4188,1811,890,943,1520,1275,1977,1626,873,1087,1604,1319,2211,6078
20251,11740520,상일동,39307,19334,19973,9332,3437,5097,8026,5494,7921,4772,1726,2319,3983,2720,3814,4560,1711,2778,4043,2774,4107,13601
20251,11590510,노량진1동,32005,16255,15750,3388,5723,5768,4068,4572,8486,1747,3044,3276,2172,2296,3720,1641,2679,2492,1896,2276,4766,16917
20251,11560550,당산1동,20951,10105,10846,1865,3681,4911,2670,2884,4940,947,1533,2518,1369,1468,2270,918,2148,2393,1301,1416,2670,11632
20251,11470550,목5동,40702,20159,20543,10213,3947,3450,8541,6786,7765,5574,2006,1555,3792,3495,3737,4639,1941,1895,4749,3291,4028,13447
20251,11320514,창4동,26168,12513,13655,3711,3414,3341,3902,4742,7058,1907,1656,1653,1858,2204,3235,1804,1758,1688,2044,2538,3823,10984
20251,11110710,숭인2동,9499,4638,4861,483,2234,1740,1013,1536,2493,227,859,890,547,835,1280,256,1375,850,466,701,1213,6369
20251,11110530,사직동,8992,3989,5003,1122,1044,1412,1407,1477,2530,510,440,632,611,680,1116,612,604,780,796,797,1414,4532
20251,11170570,원효로2동,13626,6396,7230,1710,1909,2315,1973,2222,3497,776,842,1138,987,1083,1570,934,1067,1177,986,1139,1927,6245
20251,11545670,시흥1동,32115,15959,16156,3415,4325,4825,4376,5529,9645,1800,2136,2539,2286,2771,4427,1615,2189,2286,2090,2758,5218,16342
20251,11470570,신월2동,20779,10130,10649,2995,2437,2722,3270,3235,6120,1500,1246,1358,1669,1584,2773,1495,1191,1364,1601,1651,3347,8702
20251,11350600,공릉2동,41435,20163,21272,7053,6862,5438,6599,6387,9096,3643,3362,2693,3179,3130,4156,3410,3500,2745,3420,3257,4940,17741
20251,11170660,이태원2동,8657,4044,4613,767,1192,1695,1293,1247,2463,370,605,850,634,568,1017,397,587,845,659,679,1446,4845
20251,11710646,장지동,28473,13711,14762,4331,3521,4383,4387,4637,7214,2192,1799,2173,2194,2141,3212,2139,1722,2210,2193,2496,4002,12055
20251,11650570,반포2동,23322,11070,12252,5945,2189,2186,4645,3835,4522,2970,1043,901,2069,2012,2075,2975,1146,1285,2576,1823,2447,7603
20251,11350570,월계2동,25485,12230,13255,3245,2758,2828,3747,4300,8607,1680,1420,1408,1897,2107,3718,1565,1338,1420,1850,2193,4889,11694
20251,11620765,미성동,29526,14465,15061,3333,4339,4111,4090,4825,8828,1680,2109,2204,2088,2337,4047,1653,2230,1907,2002,2488,4781,14233
20251,11380650,수색동,20440,9936,10504,3213,2561,3587,2992,3554,4533,1616,1289,1750,1521,1717,2043,1597,1272,1837,1471,1837,2490,8249
20251,11350625,중계2?3동,32502,14828,17674,4195,3658,3820,4805,5565,10459,2088,1801,1884,2319,2622,4114,2107,1857,1936,2486,2943,6345,14980
20251,11110580,교남동,9715,4456,5259,1530,1142,1407,1697,1622,2317,741,521,639,785,789,981,789,621,768,912,833,1336,4341
20251,11350612,하계2동,21306,10129,11177,3682,2596,2462,3461,3825,5280,1905,1356,1168,1602,1825,2273,1777,1240,1294,1859,2000,3007,8207
20251,11350621,중계1동,26318,12840,13478,6900,2811,1858,5725,4881,4143,3691,1467,829,2470,2516,1867,3209,1344,1029,3255,2365,2276,8923
20251,11230610,답십리2동,27467,13247,14220,3293,3181,4231,3775,4588,8399,1605,1584,2158,1912,2237,3751,1688,1597,2073,1863,2351,4648,12454
20251,11710520,풍납2동,23552,11093,12459,3408,3330,3689,3709,3552,5864,1727,1415,1735,1817,1709,2690,1681,1915,1954,1892,1843,3174,10513
20251,11260590,상봉2동,20258,9631,10627,1387,4154,4749,2415,2869,4684,702,1649,2314,1283,1453,2230,685,2505,2435,1132,1416,2454,12531
20251,11650590,방배본동,20401,9406,10995,3930,2442,2230,3630,3553,4616,1855,1101,998,1601,1740,2111,2075,1341,1232,2029,1813,2505,7917
20251,11230710,회기동,10313,4883,5430,996,3406,1479,1160,1219,2053,494,1536,797,565,630,861,502,1870,682,595,589,1192,6575
20251,11320700,방학2동,18535,9360,9175,1901,2134,1972,2338,3524,6666,986,1159,1103,1212,1791,3109,915,975,869,1126,1733,3557,9126
20251,11260565,면목본동,32648,16095,16553,2811,4744,5276,4441,5854,9522,1442,2267,2771,2364,2912,4339,1369,2477,2505,2077,2942,5183,17709
20251,11650510,서초1동,20154,9749,10405,2980,2660,3273,3563,3167,4511,1582,1323,1544,1633,1558,2109,1398,1337,1729,1930,1609,2402,9392
20251,11710632,가락2동,31181,15186,15995,5254,4005,4610,5066,5110,7136,2728,1978,2264,2444,2461,3311,2526,2027,2346,2622,2649,3825,12362
20251,11680531,논현2동,20369,9434,10935,2079,3161,4071,3605,3040,4413,1050,1386,1859,1712,1436,1991,1029,1775,2212,1893,1604,2422,11204
20251,11650610,방배2동,18010,8404,9606,2442,2281,2679,2744,2828,5036,1218,1131,1237,1272,1301,2245,1224,1150,1442,1472,1527,2791,7831
20251,11305645,우이동,19766,9445,10321,2065,2304,2383,2607,3519,6888,1050,1073,1244,1355,1697,3026,1015,1231,1139,1252,1822,3862,9518
20251,11290760,장위1동,23354,11327,12027,3194,3016,3150,3511,4103,6380,1585,1488,1621,1808,1948,2877,1609,1528,1529,1703,2155,3503,10588
20251,11230730,휘경2동,24158,12015,12143,2811,5838,3023,3127,3560,5799,1391,3026,1613,1582,1781,2622,1420,2812,1410,1545,1779,3177,12643
20251,11350619,중계본동,23040,11163,11877,5334,2899,1645,4258,4637,4267,2719,1456,803,1845,2324,2016,2615,1443,842,2413,2313,2251,8133
20251,11380580,응암1동,32659,15258,17401,4871,4200,5235,5463,5059,7831,2500,1812,2497,2671,2457,3321,2371,2388,2738,2792,2602,4510,15086
20251,11305625,수유2동,20502,9717,10785,2064,2590,2319,2733,3547,7249,1076,1186,1245,1410,1682,3118,988,1404,1074,1323,1865,4131,9767
20251,11320512,창2동,28172,13658,14514,3392,3737,3782,4103,4947,8211,1737,1841,1919,2095,2330,3736,1655,1896,1863,2008,2617,4475,12509
20251,11305535,미아동,20841,9966,10875,1702,3520,2708,2628,3535,6748,904,1477,1474,1342,1747,3022,798,2043,1234,1286,1788,3726,11645
20251,11230720,휘경1동,13580,6428,7152,1420,3601,2055,1613,1886,3005,698,1505,1093,827,907,1398,722,2096,962,786,979,1607,7552
20251,11410700,남가좌2동,29083,14033,15050,4681,4083,4081,4720,4487,7031,2367,1986,1979,2379,2203,3119,2314,2097,2102,2341,2284,3912,13349
20251,11140670,황학동,12685,5986,6699,1103,2172,2968,1817,1685,2940,562,881,1456,926,818,1343,541,1291,1512,891,867,1597,7419
20251,11560585,도림동,17562,8900,8662,1605,2542,3250,2425,2902,4838,834,1234,1723,1293,1533,2283,771,1308,1527,1132,1369,2555,9621
20251,11215730,군자동,19048,9394,9654,1577,4259,3440,2476,2640,4656,826,2050,1785,1249,1328,2156,751,2209,1655,1227,1312,2500,11293
20251,11545510,가산동,24622,13262,11360,1183,6982,6580,2804,2716,4357,593,3140,3964,1719,1598,2248,590,3842,2616,1085,1118,2109,18077
20251,11380631,신사1동,26462,12698,13764,2997,3592,3776,3864,4436,7797,1530,1796,1915,1930,2094,3433,1467,1796,1861,1934,2342,4364,12059
20251,11215710,화양동,24821,11760,13061,1242,10467,4995,2328,2294,3495,569,4475,2584,1249,1238,1645,673,5992,2411,1079,1056,1850,18696
20251,11470650,신정4동,31687,15407,16280,3158,4945,4794,4564,5229,8997,1622,2327,2520,2311,2538,4089,1536,2618,2274,2253,2691,4908,16216
20251,11170685,한남동,17711,8532,9179,2037,2037,3193,2924,2831,4689,1059,1018,1548,1469,1337,2101,978,1019,1645,1455,1494,2588,9323
20251,11110650,혜화동,15833,7605,8228,1689,4273,2038,1904,2304,3625,833,2111,1077,919,1094,1571,856,2162,961,985,1210,2054,9092
20251,11320513,창3동,13163,6549,6614,1407,1487,1503,1893,2437,4436,758,776,813,984,1209,2009,649,711,690,909,1228,2427,6402
20251,11410555,북아현동,15401,7379,8022,2242,1925,2786,2525,2474,3449,1157,851,1325,1302,1197,1547,1085,1074,1461,1223,1277,1902,7031
20251,11470630,신정2동,18773,9207,9566,3948,2123,1564,3465,3405,4268,2034,1087,737,1561,1781,2007,1914,1036,827,1904,1624,2261,6828
20251,11200650,성수1가1동,15394,7652,7742,1722,2196,2841,2013,2745,3877,901,1102,1424,1008,1329,1888,821,1094,1417,1005,1416,1989,7434
20251,11320660,쌍문1동,20484,9807,10677,2281,2632,2371,2743,3678,6779,1143,1198,1234,1400,1792,3040,1138,1434,1137,1343,1886,3739,9257
20251,11740685,길동,44395,21594,22801,4611,6297,7127,6419,7099,12842,2411,2946,3637,3290,3428,5882,2200,3351,3490,3129,3671,6960,21799
20251,11545690,시흥3동,10153,5020,5133,1022,1164,1276,1264,1831,3596,519,599,691,659,888,1664,503,565,585,605,943,1932,4581
20251,11320511,창1동,23774,11340,12434,3055,2927,3114,3534,4185,6959,1565,1436,1615,1721,1965,3038,1490,1491,1499,1813,2220,3921,10766
20251,11290725,월곡2동,18900,8965,9935,2131,3483,2565,2489,2953,5279,1111,1367,1337,1250,1491,2409,1020,2116,1228,1239,1462,2870,9649
20251,11215760,중곡3동,15681,7737,7944,1436,2305,2714,2050,2676,4500,741,1106,1417,1078,1317,2078,695,1199,1297,972,1359,2422,8495
20251,11710510,풍납1동,11750,5769,5981,1225,1267,1627,1584,1988,4059,678,652,855,801,967,1816,547,615,772,783,1021,2243,5572
20251,11440610,염리동,16719,7963,8756,2922,2412,2746,3054,2505,3080,1465,1091,1321,1477,1269,1340,1457,1321,1425,1577,1236,1740,7762
20251,11200670,성수2가1동,14544,7539,7005,1301,1837,2399,1889,2557,4561,659,949,1295,1018,1355,2263,642,888,1104,871,1202,2298,7587
20251,11500560,화곡3동,21093,10044,11049,2563,2979,3092,3065,3165,6229,1353,1342,1515,1497,1486,2851,1210,1637,1577,1568,1679,3378,9685
20251,11680510,신사동,15436,7204,8232,2348,1899,2022,2506,2568,4093,1199,878,914,1115,1255,1843,1149,1021,1108,1391,1313,2250,6717
20251,11170590,용문동,11380,5423,5957,1264,1613,1939,1576,1846,3142,631,762,981,793,893,1363,633,851,958,783,953,1779,5307
20251,11590670,신대방1동,23282,11152,12130,3513,3325,3095,3612,3868,5869,1727,1572,1552,1714,1915,2672,1786,1753,1543,1898,1953,3197,10423
20251,11740570,암사1동,33825,16775,17050,4027,4289,4876,5160,5816,9657,2023,2232,2550,2678,2857,4435,2004,2057,2326,2482,2959,5222,16155
20251,11200560,행당1동,13629,6526,7103,1824,2164,2212,2056,2161,3212,898,995,1102,1011,1023,1497,926,1169,1110,1045,1138,1715,6397
20251,11200620,금호4가동,14142,6694,7448,2116,1311,2308,2621,2123,3663,1098,661,1063,1289,1045,1538,1018,650,1245,1332,1078,2125,6398
20251,11680655,도곡1동,20005,9502,10503,3672,2411,2742,3513,3246,4421,1738,1167,1256,1631,1620,2090,1934,1244,1486,1882,1626,2331,8034
20251,11110670,창신1동,4523,2397,2126,280,522,621,501,840,1759,149,271,355,273,441,908,131,251,266,228,399,851,2628
20251,11710670,잠실2동,34909,16705,18204,9113,3341,3220,8042,5660,5533,4653,1533,1304,3688,3000,2527,4460,1808,1916,4354,2660,3006,11542
20251,11740660,성내3동,22433,10963,11470,2471,3268,3311,3357,3800,6226,1392,1667,1703,1625,1817,2759,1079,1601,1608,1732,1983,3467,10645
20251,11650620,방배3동,15757,7500,8257,2670,1800,1874,2500,2602,4311,1335,894,849,1141,1243,2038,1335,906,1025,1359,1359,2273,5855
20251,11545680,시흥2동,20564,9831,10733,3156,2108,2230,2999,3655,6416,1549,1075,1111,1432,1737,2927,1607,1033,1119,1567,1918,3489,8238
20251,11350695,상계6?7동,31400,14467,16933,4531,4011,4657,4833,5511,7857,2328,1908,2248,2223,2475,3285,2203,2103,2409,2610,3036,4572,13887
20251,11680740,일원2동,16833,8153,8680,2624,1629,2392,2921,2447,4820,1590,869,1165,1377,1194,1958,1034,760,1227,1544,1253,2862,7377
20251,11680660,개포1동,6765,3265,3500,1151,649,638,1068,1017,2242,559,319,289,499,510,1089,592,330,349,569,507,1153,2547
20251,11305615,수유1동,19842,9710,10132,1918,2797,2644,2591,3325,6567,967,1300,1448,1389,1649,2957,951,1497,1196,1202,1676,3610,10418
20251,11410565,충현동,19682,9454,10228,2309,3004,3356,2797,3158,5058,1143,1369,1646,1413,1560,2323,1166,1635,1710,1384,1598,2735,10070
20251,11590620,사당1동,22415,10798,11617,1388,5074,4744,2832,2807,5570,740,2283,2484,1498,1312,2481,648,2791,2260,1334,1495,3089,13773
20251,11680650,역삼2동,36348,16944,19404,7981,4370,4509,8338,5910,5240,3733,1871,2047,3684,3231,2378,4248,2499,2462,4654,2679,2862,15611
20251,11740700,둔촌2동,24228,11861,12367,3360,3110,3688,3495,3911,6664,1764,1532,1874,1752,1868,3071,1596,1578,1814,1743,2043,3593,10426
20251,11350665,상계3?4동,27489,13675,13814,3585,3100,2909,3876,4953,9066,1887,1634,1567,1965,2469,4153,1698,1466,1342,1911,2484,4913,12412
20251,11305545,송중동,28576,13737,14839,3126,3770,3735,4089,4933,8923,1540,1822,1902,2089,2365,4019,1586,1948,1833,2000,2568,4904,13802
20251,11260680,신내1동,37757,18186,19571,6092,4249,4537,5613,6197,11069,3123,2172,2232,2746,2917,4996,2969,2077,2305,2867,3280,6073,14887
20251,11590530,상도1동,44464,21556,22908,5282,10237,5927,5858,6511,10649,2652,5321,2989,2814,3092,4688,2630,4916,2938,3044,3419,5961,22704
20251,11590520,노량진2동,10181,5312,4869,556,1990,1838,1163,1466,3168,274,1025,1095,672,786,1460,282,965,743,491,680,1708,6725
20251,11620630,남현동,17668,8549,9119,1419,3785,3659,2115,2398,4292,719,1752,1971,1069,1113,1925,700,2033,1688,1046,1285,2367,9874
20251,11710620,가락본동,25171,12461,12710,2965,3485,4476,3545,4192,6508,1512,1737,2282,1800,1984,3146,1453,1748,2194,1745,2208,3362,11567
20251,11230560,전농1동,32107,15979,16128,4034,4839,4460,4730,5311,8733,2037,2340,2296,2466,2739,4101,1997,2499,2164,2264,2572,4632,16020
20251,11650531,서초4동,30281,14804,15477,6584,3448,3064,5826,5248,6111,3449,1710,1331,2710,2676,2928,3135,1738,1733,3116,2572,3183,10706
20251,11680670,개포2동,41708,20173,21535,8783,4683,6170,7516,6679,7877,4470,2293,2841,3485,3295,3789,4313,2390,3329,4031,3384,4088,14821
20251,11290630,정릉2동,22510,10838,11672,2837,3023,2989,3163,3828,6670,1473,1502,1484,1602,1836,2941,1364,1521,1505,1561,1992,3729,9902
20251,11230740,이문1동,17724,8739,8985,1705,5173,2026,1959,2472,4389,861,2456,1156,1006,1278,1982,844,2717,870,953,1194,2407,10654
20251,11620585,낙성대동,17211,8618,8593,1292,5749,3833,1853,1665,2819,641,2714,2115,999,881,1268,651,3035,1718,854,784,1551,11903
20251,11710531,거여1동,12011,6013,5998,1339,1588,1640,1595,2163,3686,704,811,863,812,1096,1727,635,777,777,783,1067,1959,5558
20251,11710650,잠실본동,27731,13208,14523,2445,4952,6226,4164,3970,5974,1245,2180,3103,2048,1922,2710,1200,2772,3123,2116,2048,3264,16073
20251,11680580,삼성1동,12134,5938,6196,1774,1553,1712,1917,2050,3128,949,838,826,882,984,1459,825,715,886,1035,1066,1669,5230
20251,11680610,대치2동,38212,19396,18816,8922,4008,3306,7349,6670,7957,5235,2160,1541,3164,3430,3866,3687,1848,1765,4185,3240,4091,13293
20251,11530550,구로4동,18646,8980,9666,1480,2506,2746,2349,3122,6443,763,1189,1412,1235,1543,2838,717,1317,1334,1114,1579,3605,10345
20251,11350624,중계4동,19114,9151,9963,2800,2288,1812,2878,3591,5745,1472,1192,916,1357,1778,2436,1328,1096,896,1521,1813,3309,8209
20251,11350640,상계2동,19105,9426,9679,2261,2910,2133,2514,3737,5550,1105,1496,1122,1253,1834,2616,1156,1414,1011,1261,1903,2934,8558
20251,11215860,구의2동,25468,12150,13318,3443,3280,3587,3950,4410,6798,1753,1577,1763,1923,2085,3049,1690,1703,1824,2027,2325,3749,11380
20251,11470611,신월7동,18588,9029,9559,1852,2130,2501,2418,3218,6469,961,1092,1338,1272,1561,2805,891,1038,1163,1146,1657,3664,8930
20251,11500520,등촌1동,24933,11521,13412,2379,4735,6640,3456,3071,4652,1282,1883,3074,1772,1444,2066,1097,2852,3566,1684,1627,2586,14262
20251,11110540,삼청동,2247,1075,1172,248,238,283,316,351,811,133,121,131,153,171,366,115,117,152,163,180,445,1120
20251,11380560,구산동,31429,15279,16150,3813,4234,3793,4530,5645,9414,1895,1984,1896,2313,2740,4451,1918,2250,1897,2217,2905,4963,13477
20251,11140650,신당5동,10151,4914,5237,966,1494,1791,1397,1757,2746,462,664,898,727,910,1253,504,830,893,670,847,1493,5385
20251,11215830,자양2동,23591,11450,12141,2882,3208,3682,3540,3903,6376,1468,1588,1859,1734,1849,2952,1414,1620,1823,1806,2054,3424,10890
20251,11740550,고덕1동,23932,12182,11750,6073,1949,2426,5297,3431,4756,3392,1057,1132,2557,1813,2231,2681,892,1294,2740,1618,2525,8155
20251,11470620,신정1동,19716,9582,10134,4413,2061,1765,3859,3370,4248,2279,1053,814,1774,1702,1960,2134,1008,951,2085,1668,2288,6958
20251,11290650,정릉4동,24009,11457,12552,3160,3050,2863,3583,4243,7110,1633,1504,1431,1747,2059,3083,1527,1546,1432,1836,2184,4027,10737
20251,11140520,소공동,2178,1027,1151,289,218,442,514,320,395,130,79,205,250,170,193,159,139,237,264,150,202,1231
20251,11440565,공덕동,36426,16993,19433,4002,5749,6487,4980,6129,9079,2074,2349,3100,2501,2951,4018,1928,3400,3387,2479,3178,5061,18559
20251,11560720,대림3동,21488,10727,10761,2133,2698,3121,2678,3864,6994,1068,1431,1681,1388,1889,3270,1065,1267,1440,1290,1975,3724,10303
20251,11260540,면목4동,18121,9021,9100,1938,2212,2460,2636,3198,5677,1015,1143,1274,1399,1637,2553,923,1069,1186,1237,1561,3124,8928
20251,11410690,남가좌1동,16699,7994,8705,3810,1559,2235,3430,2364,3301,1914,728,970,1742,1171,1469,1896,831,1265,1688,1193,1832,6161
20251,11110630,종로5?6가동,5376,2824,2552,359,1180,886,571,855,1525,161,546,493,322,494,808,198,634,393,249,361,717,3576
20251,11200520,왕십리2동,15974,7663,8311,2097,2174,2781,2315,2596,4011,1065,1012,1354,1158,1260,1814,1032,1162,1427,1157,1336,2197,7303
20251,11140580,장충동,4549,2371,2178,389,1271,663,499,578,1149,201,707,374,262,303,524,188,564,289,237,275,625,2833
20251,11710631,가락1동,27469,13286,14183,5719,2571,4733,4925,3631,5890,2940,1266,2134,2441,1684,2821,2779,1305,2599,2484,1947,3069,9799
20251,11200580,응봉동,14940,7088,7852,2460,1666,2031,2607,2508,3668,1275,779,973,1230,1227,1604,1185,887,1058,1377,1281,2064,5949
20251,11470670,신정6동,23959,11598,12361,5302,2631,2449,4474,4245,4858,2727,1336,1137,1998,2058,2342,2575,1295,1312,2476,2187,2516,8185
20251,11650520,서초2동,24636,11631,13005,4292,3376,4799,4571,3206,4392,2197,1428,2184,2145,1610,2067,2095,1948,2615,2426,1596,2325,11340
20251,11560690,신길7동,19779,9835,9944,3668,2416,3282,3383,2949,4081,1923,1236,1634,1715,1402,1925,1745,1180,1648,1668,1547,2156,7880
20251,11710710,잠실6동,16514,7825,8689,2948,1768,1981,2777,2606,4434,1498,849,896,1280,1210,2092,1450,919,1085,1497,1396,2342,5834
20251,11305660,인수동,29069,14019,15050,3074,3468,3443,3874,4989,10221,1558,1693,1814,2007,2413,4534,1516,1775,1629,1867,2576,5687,14159
20251,11290580,돈암1동,14260,6652,7608,1740,1842,1866,1829,2593,4390,863,839,920,884,1225,1921,877,1003,946,945,1368,2469,6052
20251,11650560,반포1동,33740,16468,17272,6962,3952,5028,7041,4810,5947,3526,1859,2391,3421,2586,2685,3436,2093,2637,3620,2224,3262,14637
20251,11620525,보라매동,23092,11443,11649,2135,4351,4053,2939,3266,6348,1108,2104,2267,1535,1611,2818,1027,2247,1786,1404,1655,3530,12670
20251,11620575,행운동,28758,13926,14832,2079,7607,5942,3444,3392,6294,1032,3393,3181,1793,1694,2833,1047,4214,2761,1651,1698,3461,18159
20251,11620625,인헌동,25385,12283,13102,2133,5807,4960,3141,3495,5849,1113,2693,2564,1628,1664,2621,1020,3114,2396,1513,1831,3228,14772
20251,11620615,중앙동,15126,7305,7821,856,4374,3231,1662,1659,3344,428,1901,1723,885,843,1525,428,2473,1508,777,816,1819,10136
20251,11290640,정릉3동,14934,7431,7503,1346,3370,1799,1548,2287,4584,727,1866,1016,789,1107,1926,619,1504,783,759,1180,2658,8201
20251,11350611,하계1동,26128,12492,13636,3719,4532,2631,3348,4814,7084,2010,2414,1350,1483,2327,2908,1709,2118,1281,1865,2487,4176,12129
20251,11380552,갈현2동,27415,12947,14468,3291,3884,3568,4064,4876,7732,1668,1830,1798,1990,2289,3372,1623,2054,1770,2074,2587,4360,12523
20251,11380600,응암3동,23429,11287,12142,1971,3287,3255,3038,3863,8015,1007,1608,1710,1566,1944,3452,964,1679,1545,1472,1919,4563,12504
20251,11650652,양재2동,21157,10608,10549,2407,3148,4068,3407,3370,4757,1287,1596,2135,1731,1659,2200,1120,1552,1933,1676,1711,2557,10943
20251,11710562,방이2동,26094,11878,14216,2020,5130,6448,3632,3345,5519,1095,1992,2941,1815,1528,2507,925,3138,3507,1817,1817,3012,15656
20251,11620695,신림동,22622,12090,10532,681,8720,6189,2449,1806,2777,339,4196,3697,1470,1065,1323,342,4524,2492,979,741,1454,18724
20251,11620565,성현동,28222,13577,14645,4164,3618,3398,4450,4782,7810,2139,1817,1711,2188,2379,3343,2025,1801,1687,2262,2403,4467,12187
20251,11410685,홍은2동,28505,13661,14844,3665,4137,3981,4039,4803,7880,1842,2036,2064,1977,2303,3439,1823,2101,1917,2062,2500,4441,13166
20251,11740600,천호1동,25942,12735,13207,2644,3280,3850,3678,4341,8149,1336,1635,2042,1904,2121,3697,1308,1645,1808,1774,2220,4452,12929
20251,11200535,왕십리도선동,26181,12283,13898,3603,4013,4411,3895,4311,5948,1870,1726,1993,1935,2031,2728,1733,2287,2418,1960,2280,3220,12111
20251,11560515,영등포본동,20784,10610,10174,2250,2779,3244,2796,3528,6187,1146,1447,1720,1487,1811,2999,1104,1332,1524,1309,1717,3188,10407
20251,11290575,동선동,14977,6196,8781,1236,4651,2419,1762,1909,3000,530,1380,1182,862,929,1313,706,3271,1237,900,980,1687,9625
20251,11560605,문래동,32022,15577,16445,5830,3503,5493,5961,4494,6741,3011,1666,2607,2973,2241,3079,2819,1837,2886,2988,2253,3662,13095
20251,11500620,공항동,29436,14868,14568,5076,3657,4857,5192,4101,6553,2565,1882,2527,2788,2080,3026,2511,1775,2330,2404,2021,3527,13691
20251,11500510,염창동,41250,19807,21443,7769,5314,7231,7299,6159,7478,3977,2438,3285,3558,3052,3497,3792,2876,3946,3741,3107,3981,16592
20251,11560630,신길1동,19314,9780,9534,1597,3601,3596,2448,2904,5168,795,1732,2004,1361,1525,2363,802,1869,1592,1087,1379,2805,11605
20251,11380640,증산동,18240,8840,9400,2403,2357,2626,2570,3089,5195,1238,1129,1287,1288,1522,2376,1165,1228,1339,1282,1567,2819,7933
20251,11530740,개봉1동,33122,16420,16702,4134,3960,5015,4572,5483,9958,2116,2009,2567,2341,2714,4673,2018,1951,2448,2231,2769,5285,14958
20251,11545620,독산2동,17737,8915,8822,1694,2337,2512,2178,3358,5658,895,1171,1380,1144,1658,2667,799,1166,1132,1034,1700,2991,9282
20251,11350630,상계1동,36834,17688,19146,4724,4544,4401,5069,6715,11381,2412,2270,2211,2455,3143,5197,2312,2274,2190,2614,3572,6184,15534
20251,11500570,화곡4동,19720,9668,10052,2041,2499,2933,3042,3276,5929,1090,1274,1541,1580,1568,2615,951,1225,1392,1462,1708,3314,9641
20251,11200690,성수2가3동,10021,4999,5022,940,1628,1835,1322,1581,2715,499,769,880,688,811,1352,441,859,955,634,770,1363,5211
20251,11170700,보광동,11134,5572,5562,801,1494,1758,1493,2011,3577,465,846,1015,771,992,1483,336,648,743,722,1019,2094,6270
20251,11170690,서빙고동,12443,5999,6444,2037,1557,1436,2157,2147,3109,1026,794,705,1045,1016,1413,1011,763,731,1112,1131,1696,5097
20251,11170625,한강로동,20977,9895,11082,2206,3206,4813,2844,3197,4711,1136,1360,2240,1369,1507,2283,1070,1846,2573,1475,1690,2428,11229
20251,11230705,청량리동,18688,9202,9486,1546,2215,2135,2155,3063,7574,790,1110,1148,1138,1553,3463,756,1105,987,1017,1510,4111,10043
20251,11170580,효창동,10665,5044,5621,1426,1614,1969,1591,1728,2337,728,741,958,778,798,1041,698,873,1011,813,930,1296,4718
20251,11710580,송파1동,23353,10821,12532,2098,4019,5392,3349,3167,5328,1026,1767,2648,1564,1387,2429,1072,2252,2744,1785,1780,2899,12486
20251,11470510,목1동,30276,14544,15732,7467,2982,2754,6476,5153,5444,3731,1465,1184,2933,2662,2569,3736,1517,1570,3543,2491,2875,10349
20251,11470680,신정7동,28275,13546,14729,4859,2968,2931,4625,4979,7913,2510,1529,1444,2189,2445,3429,2349,1439,1487,2436,2534,4484,11507
20251,11620715,난향동,14726,7199,7527,2213,1623,1548,2518,2694,4130,1114,843,759,1245,1391,1847,1099,780,789,1273,1303,2283,6175
20251,11560560,당산2동,36667,17117,19550,4697,6732,8189,5239,4671,7139,2397,2651,3855,2603,2248,3363,2300,4081,4334,2636,2423,3776,18864
20251,11140540,회현동,4380,2304,2076,365,418,528,531,793,1745,186,209,260,285,427,937,179,209,268,246,366,808,2491
20251,11500640,방화2동,22596,11171,11425,2247,3015,3725,3014,3425,7170,1196,1443,1977,1576,1789,3190,1051,1572,1748,1438,1636,3980,12052
20251,11440600,대흥동,14719,7124,7595,1471,3656,2555,2017,2108,2912,764,1618,1311,1011,1077,1343,707,2038,1244,1006,1031,1569,8823
20251,11410620,홍제1동,24704,11553,13151,3208,3100,3607,3586,4205,6998,1566,1502,1708,1740,1984,3053,1642,1598,1899,1846,2221,3945,11038
20251,11545610,독산1동,45720,23242,22478,5294,7802,10015,6606,6356,9647,2682,3606,5435,3661,3232,4626,2612,4196,4580,2945,3124,5021,24569
20251,11110560,평창동,17366,8092,9274,2533,1997,2057,2484,3156,5139,1281,993,972,1124,1415,2307,1252,1004,1085,1360,1741,2832,7124
20251,11230750,이문2동,19385,9319,10066,2578,2642,2322,2758,3345,5740,1331,1188,1157,1404,1648,2591,1247,1454,1165,1354,1697,3149,8656
20251,11710540,마천1동,17982,9215,8767,2021,1988,1982,2356,3374,6261,1062,1028,1095,1248,1782,3000,959,960,887,1108,1592,3261,8567
20251,11380590,응암2동,27329,13188,14141,5321,2477,4191,5549,3913,5878,2764,1222,1924,2764,1945,2569,2557,1255,2267,2785,1968,3309,11014
20251,11500535,등촌3동,29390,13848,15542,3050,3235,4582,3612,4479,10432,1562,1614,2308,1779,2022,4563,1488,1621,2274,1833,2457,5869,15092
20251,11140625,다산동,13221,6412,6809,1114,2079,2167,1719,2138,4004,600,986,1118,888,1047,1773,514,1093,1049,831,1091,2231,6767
20251,11470640,신정3동,49523,23946,25577,8452,6003,5992,7797,8974,12305,4327,3061,2973,3729,4325,5531,4125,2942,3019,4068,4649,6774,19703
20251,11200570,행당2동,22851,10656,12195,3436,2579,3426,3583,3971,5856,1612,1198,1631,1718,1915,2582,1824,1381,1795,1865,2056,3274,9226
20251,11530520,구로1동,20519,10005,10514,3469,2418,3563,3529,3000,4540,1796,1149,1785,1744,1449,2082,1673,1269,1778,1785,1551,2458,8356
20251,11590540,상도2동,27084,12936,14148,4095,3942,4326,4416,4034,6271,2124,1819,2060,2193,1933,2807,1971,2123,2266,2223,2101,3464,12299
20251,11710720,잠실7동,9419,4382,5037,1435,1103,943,1245,1640,3053,655,540,418,546,766,1457,780,563,525,699,874,1596,3365
20251,11650621,방배4동,22754,10319,12435,3880,2825,3126,4033,3755,5135,1781,1248,1407,1758,1803,2322,2099,1577,1719,2275,1952,2813,9556
20251,11290590,돈암2동,23417,11070,12347,4248,2683,2749,3857,4362,5518,2135,1337,1297,1772,2082,2447,2113,1346,1452,2085,2280,3071,8521
20251,11170630,이촌1동,24933,11719,13214,4809,2548,2939,4157,4378,6102,2482,1260,1288,1898,2066,2725,2327,1288,1651,2259,2312,3377,9125
20251,11740690,둔촌1동,16,10,6,2,0,1,5,1,7,2,0,1,2,0,5,0,0,0,3,1,2,11
20251,11320515,창5동,23884,11392,12492,2882,3199,3393,3183,4238,6989,1480,1555,1690,1530,1944,3193,1402,1644,1703,1653,2294,3796,10262
20251,11500605,가양3동,14189,6504,7685,1059,1248,2945,1794,1889,5254,537,564,1429,938,914,2122,522,684,1516,856,975,3132,7735
20251,11650550,반포본동,117,49,68,17,21,6,22,21,30,7,8,3,8,9,14,10,13,3,14,12,16,44
20251,11305635,수유3동,22988,11301,11687,1593,4229,3326,2913,3923,7004,802,1938,1813,1586,1992,3170,791,2291,1513,1327,1931,3834,13528
20251,11230570,전농2동,17954,8555,9399,2542,2005,2090,2664,3152,5501,1275,968,1069,1309,1513,2421,1267,1037,1021,1355,1639,3080,7541
20251,11410660,홍은1동,22158,10677,11481,2755,2645,2973,3146,3932,6707,1378,1319,1494,1595,1908,2983,1377,1326,1479,1551,2024,3724,9694
20251,11590660,대방동,35620,16775,18845,5172,6087,4944,5581,5718,8118,2530,2762,2441,2637,2851,3554,2642,3325,2503,2944,2867,4564,16664
20251,11590630,사당2동,27151,13012,14139,3253,3366,4288,3936,4344,7964,1763,1625,2088,1945,2078,3513,1490,1741,2200,1991,2266,4451,12176
20251,11260575,면목3?8동,24375,12017,12358,2142,3312,3569,3169,4356,7827,1079,1649,1881,1701,2150,3557,1063,1663,1688,1468,2206,4270,12782
20251,11440710,연남동,14202,6690,7512,1131,2880,2925,2106,1935,3225,567,1312,1448,1055,911,1397,564,1568,1477,1051,1024,1828,8339
20251,11590605,흑석동,29907,14490,15417,4507,4506,4057,4648,4932,7257,2291,2283,1959,2335,2359,3263,2216,2223,2098,2313,2573,3994,12930
20251,11620685,신사동,21969,11050,10919,1437,5696,4113,2543,2980,5200,774,2700,2341,1343,1481,2411,663,2996,1772,1200,1499,2789,14144
20251,11260630,묵2동,18004,8791,9213,1811,2385,2649,2549,3090,5520,933,1160,1356,1307,1520,2515,878,1225,1293,1242,1570,3005,9142
20251,11230650,장안1동,37191,18358,18833,4598,4828,5838,6095,5762,10070,2356,2242,3033,3148,2889,4690,2242,2586,2805,2947,2873,5380,18136
20251,11620745,삼성동,19970,9928,10042,1726,2177,2180,2482,3630,7775,935,1117,1241,1325,1836,3474,791,1060,939,1157,1794,4301,9681
20251,11410585,신촌동,20135,8693,11442,1336,8441,3650,1859,1895,2954,638,3121,1798,896,924,1316,698,5320,1852,963,971,1638,14750
20251,11710647,위례동,44857,21874,22983,12586,4244,6785,9367,5881,5994,6484,2092,3079,4600,2926,2693,6102,2152,3706,4767,2955,3301,14702
20251,11260570,면목7동,21190,10543,10647,2094,2678,3284,2861,3592,6681,1118,1293,1667,1548,1812,3105,976,1385,1617,1313,1780,3576,10540
20251,11320521,도봉1동,20030,9993,10037,1627,2142,2046,2499,3524,8192,827,1105,1098,1372,1771,3820,800,1037,948,1127,1753,4372,10228
20251,11320710,방학3동,26077,12624,13453,4026,2742,2845,3723,4468,8273,2182,1483,1465,1778,2040,3676,1844,1259,1380,1945,2428,4597,9923
20251,11200540,마장동,21556,10610,10946,2385,4066,3159,2625,3419,5902,1203,2027,1646,1335,1661,2738,1182,2039,1513,1290,1758,3164,10844
20251,11200550,사근동,11936,6247,5689,987,4917,1611,1041,1286,2094,475,2713,929,553,622,955,512,2204,682,488,664,1139,8185
20251,11350560,월계1동,20526,10528,9998,2380,3591,2369,2836,3322,6028,1259,2094,1290,1441,1677,2767,1121,1497,1079,1395,1645,3261,9969
20251,11560610,양평1동,18114,8709,9405,2154,2938,4516,2950,2150,3406,1110,1174,2251,1539,1131,1504,1044,1764,2265,1411,1019,1902,9893
20251,11560650,신길3동,15950,7852,8098,2044,1875,2360,2308,2655,4708,1033,936,1204,1220,1335,2124,1011,939,1156,1088,1320,2584,7486
20251,11680630,대치4동,18614,8869,9745,2804,2971,3067,3410,3345,3017,1529,1449,1455,1450,1639,1347,1275,1522,1612,1960,1706,1670,9730
20251,11215850,구의1동,21448,10252,11196,1689,4498,4386,2917,3119,4839,839,2008,2240,1493,1505,2167,850,2490,2146,1424,1614,2672,12519
20251,11545710,시흥5동,18167,9067,9100,1876,2073,2144,2296,3311,6467,956,1075,1184,1215,1710,2927,920,998,960,1081,1601,3540,9143
20251,11440690,망원1동,19151,8899,10252,1831,3093,3611,2937,2888,4791,909,1404,1717,1425,1403,2041,922,1689,1894,1512,1485,2750,10174
20251,11350595,공릉1동,35959,17381,18578,3930,6593,4943,4951,5445,10097,2028,3169,2510,2495,2673,4506,1902,3424,2433,2456,2772,5591,18517
20251,11500641,방화3동,21991,10634,11357,2422,1964,3367,3227,3271,7740,1255,1011,1720,1638,1625,3385,1167,953,1647,1589,1646,4355,11216
20251,11500530,등촌2동,19312,9398,9914,2375,2697,3298,2778,2997,5167,1313,1328,1653,1373,1366,2365,1062,1369,1645,1405,1631,2802,8505
20251,11110600,가회동,3849,1787,2062,459,406,499,633,687,1165,247,188,228,295,331,498,212,218,271,338,356,667,1903
20251,11140645,청구동,12955,6117,6838,1365,1575,2127,1648,2147,4093,687,761,1047,815,1015,1792,678,814,1080,833,1132,2301,6139
20251,11680700,세곡동,45513,21325,24188,8706,5330,7034,8065,6259,10119,4379,2341,3273,3883,3042,4407,4327,2989,3761,4182,3217,5712,19381
20251,11110700,숭인1동,5768,2797,2971,531,721,792,805,1099,1820,267,341,404,420,557,808,264,380,388,385,542,1012,2990
20251,11110550,부암동,9034,4284,4750,1191,1096,1158,1374,1626,2589,629,563,566,611,752,1163,562,533,592,763,874,1426,4096
20251,11110680,창신2동,7511,3880,3631,498,954,881,818,1665,2695,263,498,514,454,861,1290,235,456,367,364,804,1405,3983
20251,11545700,시흥4동,19366,9586,9780,2035,2302,2358,2452,3576,6643,1027,1187,1258,1243,1712,3159,1008,1115,1100,1209,1864,3484,9011
20251,11740515,강일동,44257,21047,23210,8773,4901,5797,7171,6561,11054,4522,2397,2690,3476,3173,4789,4251,2504,3107,3695,3388,6265,17658
20251,11215840,자양3동,27193,12991,14202,4362,3434,3864,4233,4540,6760,2185,1714,1809,1976,2183,3124,2177,1720,2055,2257,2357,3636,10951
20251,11530720,고척1동,26314,13106,13208,3502,3309,5100,3600,4025,6778,1809,1668,2610,1872,1970,3177,1693,1641,2490,1728,2055,3601,11516
20251,11200790,용답동,11809,6118,5691,818,2551,1989,1397,1892,3162,423,1141,1057,793,1122,1582,395,1410,932,604,770,1580,7515
20251,11500603,가양1동,33880,15206,18674,3024,7788,8937,4444,4089,5598,1562,2560,4210,2239,2005,2630,1462,5228,4727,2205,2084,2968,20930
20251,11650581,반포4동,18474,8654,9820,3522,2071,2343,3241,3078,4219,1824,1001,1032,1431,1463,1903,1698,1070,1311,1810,1615,2316,7024
20251,11305603,번2동,14866,7134,7732,1327,1830,1585,1928,2530,5666,704,929,841,1017,1251,2392,623,901,744,911,1279,3274,7425
20251,11140635,약수동,16086,7419,8667,1717,1772,2258,2206,2653,5480,857,847,1092,1072,1215,2336,860,925,1166,1134,1438,3144,7737
20251,11620545,청림동,14726,7103,7623,2130,1620,2373,2293,2285,4025,1097,803,1211,1152,1111,1729,1033,817,1162,1141,1174,2296,6408
20251,11680565,청담동,24535,11449,13086,3849,3131,3696,4401,3973,5485,2074,1435,1595,1986,1847,2512,1775,1696,2101,2415,2126,2973,10790
20251,11740530,명일1동,25279,12363,12916,4369,2720,3749,4145,3901,6395,2302,1410,1845,1996,1890,2920,2067,1310,1904,2149,2011,3475,10027
20251,11710690,잠실4동,21192,10213,10979,4930,1852,2399,4442,3132,4437,2566,916,1000,2108,1542,2081,2364,936,1399,2334,1590,2356,7231
20251,11350710,상계9동,19664,9212,10452,2759,2386,2669,2975,3517,5358,1424,1221,1335,1386,1595,2251,1335,1165,1334,1589,1922,3107,8358
20251,11305608,번3동,16356,7614,8742,1795,1693,1605,2139,2765,6359,903,865,821,1065,1370,2590,892,828,784,1074,1395,3769,7665
20251,11530540,구로3동,23287,12033,11254,2277,4387,4623,3707,3168,5125,1182,2176,2624,2014,1717,2320,1095,2211,1999,1693,1451,2805,13633
20251,11710590,송파2동,18476,8909,9567,2965,2336,2638,2935,2929,4673,1502,1110,1255,1444,1390,2208,1463,1226,1383,1491,1539,2465,7095
20251,11590550,상도3동,23844,11339,12505,2273,4063,3842,3224,3734,6708,1181,1858,1972,1603,1787,2938,1092,2205,1870,1621,1947,3770,12158
20251,11710610,삼전동,29062,13547,15515,2820,4764,6320,4660,4135,6363,1461,2110,3017,2246,1947,2766,1359,2654,3303,2414,2188,3597,16117
20251,11710532,거여2동,23596,11502,12094,3534,2477,3477,3649,3992,6467,1819,1260,1742,1833,1933,2915,1715,1217,1735,1816,2059,3552,10093
20251,11290810,석관동,33768,16684,17084,3630,4580,4600,4597,5650,10711,1912,2202,2398,2389,2833,4950,1718,2378,2202,2208,2817,5761,16597
20251,11290705,종암동,37648,18608,19040,5498,5426,4572,5812,6302,10038,2952,2834,2411,2827,3132,4452,2546,2592,2161,2985,3170,5586,17012
20251,11620655,신원동,17484,8937,8547,1072,4165,3321,2054,2330,4542,516,2106,2018,1100,1213,1984,556,2059,1303,954,1117,2558,11158
20251,11440585,도화동,20443,9697,10746,2696,2579,3498,2876,3292,5502,1398,1207,1717,1414,1534,2427,1298,1372,1781,1462,1758,3075,9219
20251,11260520,면목2동,23580,11697,11883,2277,2917,3417,3211,4445,7313,1165,1417,1781,1707,2245,3382,1112,1500,1636,1504,2200,3931,12221
20251,11590560,상도4동,27609,13396,14213,2921,4191,4518,3888,4345,7746,1541,2011,2349,2004,2068,3423,1380,2180,2169,1884,2277,4323,14048
20251,11590640,사당3동,23686,11429,12257,3299,2990,3605,3634,3482,6676,1684,1400,1713,1846,1680,3106,1615,1590,1892,1788,1802,3570,10442
20251,11620595,청룡동,35627,17102,18525,2496,11517,7376,3799,3839,6600,1205,5126,3882,1956,1952,2981,1291,6391,3494,1843,1887,3619,24083
20251,11290660,길음1동,34792,16426,18366,7906,3417,3683,7214,5810,6762,3941,1638,1646,3327,3045,2829,3965,1779,2037,3887,2765,3933,12458
20251,11290525,성북동,15875,7372,8503,1672,2533,2486,2202,2730,4252,852,1127,1210,1036,1273,1874,820,1406,1276,1166,1457,2378,8108
20251,11440720,성산1동,18543,8632,9911,1968,3017,3275,2964,2958,4361,931,1402,1584,1404,1444,1867,1037,1615,1691,1560,1514,2494,9475
20251,11290555,삼선동,22125,10481,11644,2473,4178,3060,2974,3789,5651,1264,1869,1503,1462,1907,2476,1209,2309,1557,1512,1882,3175,11391
20251,11620775,난곡동,25257,12654,12603,2430,3557,3407,3357,4375,8131,1236,1795,1868,1836,2178,3741,1194,1762,1539,1521,2197,4390,12782
20251,11260610,중화2동,23768,12182,11586,1842,3254,3585,3023,4241,7823,1006,1588,1903,1657,2228,3800,836,1666,1682,1366,2013,4023,13441
20251,11215750,중곡2동,20512,9636,10876,2069,3304,3661,2825,3343,5310,1053,1474,1777,1388,1528,2416,1016,1830,1884,1437,1815,2894,10569
20251,11290620,정릉1동,17732,8501,9231,2848,2228,2325,2923,2859,4549,1470,1082,1135,1429,1389,1996,1378,1146,1190,1494,1470,2553,7342
20251,11530790,수궁동,22707,11115,11592,2938,2615,2913,3392,3789,7060,1550,1379,1474,1705,1794,3213,1388,1236,1439,1687,1995,3847,9939
20251,11560700,대림1동,13711,6805,6906,1441,1798,1785,1826,2344,4517,792,898,972,983,1124,2036,649,900,813,843,1220,2481,6855
20251,11470560,신월1동,19365,9957,9408,1836,2238,2462,2677,3485,6667,951,1132,1379,1480,1803,3212,885,1106,1083,1197,1682,3455,10008
20251,11470540,목4동,24428,11899,12529,3976,3730,2695,3867,4890,5270,2049,1953,1381,1723,2424,2369,1927,1777,1314,2144,2466,2901,9964
20251,11500590,화곡본동,32956,15959,16997,3601,5536,6108,5100,4798,7813,1889,2518,3225,2627,2316,3384,1712,3018,2883,2473,2482,4429,17412
20251,11530595,가리봉동,8713,4797,3916,403,1587,1426,892,1567,2838,222,812,907,517,913,1426,181,775,519,375,654,1412,5988
20251,11320690,방학1동,27745,13722,14023,3234,3491,3050,3788,5097,9085,1657,1718,1592,1916,2548,4291,1577,1773,1458,1872,2549,4794,12911
20251,11530510,신도림동,35977,17321,18656,6560,4183,5844,6488,5387,7515,3327,1918,2724,3130,2651,3571,3233,2265,3120,3358,2736,3944,14249
20251,11215740,중곡1동,15218,7204,8014,1230,2805,3048,1945,2312,3878,632,1127,1502,1038,1125,1780,598,1678,1546,907,1187,2098,8644
20251,11170510,후암동,16020,7744,8276,1795,2223,2747,2311,2626,4318,946,1085,1439,1120,1287,1867,849,1138,1308,1191,1339,2451,8265
20251,11215847,자양4동,19815,9797,10018,1688,3243,3332,2560,3149,5843,842,1547,1748,1331,1625,2704,846,1696,1584,1229,1524,3139,10929
20251,11590651,사당5동,14118,6733,7385,1744,1987,2508,2161,2141,3577,892,903,1242,1096,1027,1573,852,1084,1266,1065,1114,2004,6685
20251,11740640,성내1동,19392,9277,10115,2902,2484,2971,3248,2960,4827,1500,1192,1407,1575,1406,2197,1402,1292,1564,1673,1554,2630,8213
20251,11680545,압구정동,26119,12090,14029,4614,2812,2812,4414,4347,7120,2227,1332,1202,2000,2108,3221,2387,1480,1610,2414,2239,3899,10177
20251,11560670,신길5동,9947,4806,5141,1381,1074,1328,1490,1623,3051,691,523,669,771,795,1357,690,551,659,719,828,1694,4562
20251,11140615,신당동,7385,3600,3785,462,1299,1301,966,1192,2165,208,548,652,511,647,1034,254,751,649,455,545,1131,4680
20251,11170650,이태원1동,6015,3013,3002,440,862,1139,785,893,1896,220,475,651,411,416,840,220,387,488,374,477,1056,3435
20251,11200660,성수1가2동,11932,5820,6112,1337,1762,2314,1721,1844,2954,684,847,1142,830,931,1386,653,915,1172,891,913,1568,5899
20251,11710570,오금동,37341,18034,19307,5202,4669,5043,5341,6555,10531,2719,2407,2481,2576,3006,4845,2483,2262,2562,2765,3549,5686,15582
20251,11530760,개봉3동,19544,9486,10058,2153,2163,2439,2872,3410,6507,1071,1131,1284,1464,1636,2900,1082,1032,1155,1408,1774,3607,8664
20251,11530780,오류2동,37281,17771,19510,6048,4179,4524,5966,5977,10587,3079,2074,2193,2931,2847,4647,2969,2105,2331,3035,3130,5940,15714
20251,11680590,삼성2동,30579,14671,15908,5521,3838,4647,6146,5012,5415,3013,1795,2086,2747,2550,2480,2508,2043,2561,3399,2462,2935,13824
20251,11410655,홍제2동,13186,6166,7020,1523,1559,1871,1680,2414,4139,786,740,927,801,1119,1793,737,819,944,879,1295,2346,5752
20251,11710641,문정1동,19502,9647,9855,2438,2819,3305,2734,3098,5108,1269,1413,1696,1389,1433,2447,1169,1406,1609,1345,1665,2661,8497
20251,11440660,서교동,24037,10999,13038,1635,5914,5368,3403,3103,4614,801,2535,2555,1610,1482,2016,834,3379,2813,1793,1621,2598,15244
20251,11200720,송정동,9719,5095,4624,857,1443,1547,1314,1704,2854,465,712,854,731,911,1422,392,731,693,583,793,1432,5365
20251,11230600,답십리1동,27834,13376,14458,4184,3822,4851,4651,4043,6283,2126,1689,2278,2374,2005,2904,2058,2133,2573,2277,2038,3379,12866
20251,11200645,옥수동,25399,11775,13624,3895,2444,4547,4429,3813,6271,1930,1143,2043,2163,1787,2709,1965,1301,2504,2266,2026,3562,10753
20251,11650660,내곡동,17000,8222,8778,2978,1636,2294,2922,2424,4746,1530,839,1070,1447,1169,2167,1448,797,1224,1475,1255,2579,7047
20251,11530750,개봉2동,29724,14398,15326,3680,3251,3930,4387,4747,9729,1864,1598,1963,2241,2295,4437,1816,1653,1967,2146,2452,5292,12314
20251,11230660,장안2동,32376,16042,16334,5322,3614,4637,5737,5003,8063,2817,1806,2321,2898,2502,3698,2505,1808,2316,2839,2501,4365,14170
20251,11650540,잠원동,26800,12898,13902,5125,3295,3328,4910,4879,5263,2649,1648,1503,2236,2437,2425,2476,1647,1825,2674,2442,2838,10729
20251,11380632,신사2동,18907,9370,9537,2190,2440,2592,2704,3220,5761,1191,1269,1334,1379,1573,2624,999,1171,1258,1325,1647,3137,8700
20251,11710566,오륜동,17799,8725,9074,3619,1925,1601,3036,3015,4603,1962,1032,698,1341,1469,2223,1657,893,903,1695,1546,2380,5896
20251,11350700,상계8동,21848,10388,11460,3644,2362,4739,3591,3102,4410,1839,1172,2348,1737,1452,1840,1805,1190,2391,1854,1650,2570,9129
20251,11320522,도봉2동,25990,12683,13307,2824,2705,3335,3398,4204,9524,1447,1384,1689,1779,2024,4360,1377,1321,1646,1619,2180,5164,11766
20251,11350720,상계10동,18184,8356,9828,2697,2279,2871,2783,3188,4366,1366,1065,1371,1291,1420,1843,1331,1214,1500,1492,1768,2523,7648
20251,11305555,송천동,24748,12287,12461,2087,2986,2909,3147,4586,9033,1058,1508,1572,1654,2327,4168,1029,1478,1337,1493,2259,4865,13030
20251,11410640,홍제3동,17665,8453,9212,2103,2224,2424,2312,3090,5512,1077,1108,1198,1173,1508,2389,1026,1116,1226,1139,1582,3123,7996
20251,11620735,대학동,24237,14808,9429,1459,6378,5009,3401,3295,4695,752,3815,3441,2293,2154,2353,707,2563,1568,1108,1141,2342,17409
20251,11710550,마천2동,17575,8982,8593,1634,2032,1978,2304,3268,6359,835,1135,1114,1238,1651,3009,799,897,864,1066,1617,3350,8507
20251,11710600,석촌동,30682,14536,16146,2809,5023,6745,4605,4370,7130,1419,2187,3287,2285,2098,3260,1390,2836,3458,2320,2272,3870,16996
20251,11650600,방배1동,16479,7678,8801,2228,2161,2666,2736,2463,4225,1150,1028,1218,1238,1139,1905,1078,1133,1448,1498,1324,2320,7461
20251,11620645,서원동,22908,12012,10896,1251,6434,5015,2651,2699,4858,661,3288,3009,1511,1321,2222,590,3146,2006,1140,1378,2636,15098
20251,11620665,서림동,23319,12975,10344,1537,5561,4791,3106,2996,5328,783,3141,3018,1882,1636,2515,754,2420,1773,1224,1360,2813,15153
20251,11260600,중화1동,18698,9211,9487,2064,2332,2956,2591,3007,5748,1042,1146,1536,1390,1439,2658,1022,1186,1420,1201,1568,3090,8901
20251,11680640,역삼1동,34082,16650,17432,2143,6658,9612,6069,4191,5409,1080,2810,4834,3106,2237,2583,1063,3848,4778,2963,1954,2826,23535
20251,11260655,망우본동,36438,17968,18470,4656,4442,6133,5059,5632,10516,2315,2037,3128,2666,2835,4987,2341,2405,3005,2393,2797,5529,18113
20251,11380520,불광1동,37509,17625,19884,4225,4651,5222,5340,6443,11628,2198,2193,2571,2609,3033,5021,2027,2458,2651,2731,3410,6607,17726
20251,11710561,방이1동,15091,7264,7827,2333,2083,2125,2358,2580,3612,1158,1043,1064,1096,1206,1697,1175,1040,1061,1262,1374,1915,6092
20251,11470600,신월5동,13979,6915,7064,1821,1815,1906,2083,2344,4010,958,900,1031,1043,1134,1849,863,915,875,1040,1210,2161,6352
20251,11560710,대림2동,11730,5740,5990,829,1815,1841,1392,1933,3920,414,895,987,743,979,1722,415,920,854,649,954,2198,6886
20251,11680690,개포4동,23151,11149,12002,3687,2869,3580,3762,3942,5311,1824,1445,1725,1797,1880,2478,1863,1424,1855,1965,2062,2833,10010
20251,11215770,중곡4동,27499,13389,14110,2662,3932,4025,3552,5090,8238,1386,1967,2097,1782,2372,3785,1276,1965,1928,1770,2718,4453,13022
20251,11500540,화곡1동,50743,24632,26111,4171,8918,10251,7286,7176,12941,2107,3937,5501,3794,3489,5804,2064,4981,4750,3492,3687,7137,28118
20251,11110515,청운효자동,11328,5174,6154,1676,1401,1510,1884,1911,2946,865,685,676,823,867,1258,811,716,834,1061,1044,1688,5040
20251,11110690,창신3동,6338,3119,3219,706,826,903,799,1177,1927,366,430,457,403,570,893,340,396,446,396,607,1034,2767
20251,11560540,여의동,33346,15644,17702,5267,3636,4891,5320,5307,8925,2653,1669,2225,2487,2546,4064,2614,1967,2666,2833,2761,4861,13895
20251,11530530,구로2동,22380,11215,11165,1783,2819,2668,2758,4223,8129,906,1417,1492,1479,2190,3731,877,1402,1176,1279,2033,4398,12099
20251,11680521,논현1동,20996,9908,11088,1371,3852,5204,3624,2772,4173,675,1714,2576,1695,1366,1882,696,2138,2628,1929,1406,2291,13524
20251,11680730,일원1동,14550,7048,7502,1576,1946,2115,2008,2140,4765,858,954,1080,1058,1028,2070,718,992,1035,950,1112,2695,7432
20251,11500630,방화1동,41828,20397,21431,7374,4497,5808,7134,6376,10639,3681,2218,2826,3561,3204,4907,3693,2279,2982,3573,3172,5732,17118
20251,11200615,금호2?3가동,21946,10443,11503,2829,2463,3779,3570,3530,5775,1450,1223,1831,1765,1676,2498,1379,1240,1948,1805,1854,3277,9888
20251,11140550,명동,2392,988,1404,162,233,286,339,437,935,83,102,141,139,187,336,79,131,145,200,250,599,1191
20251,11470590,신월4동,17445,8478,8967,2650,1940,2047,2818,2796,5194,1353,1035,1017,1420,1316,2337,1297,905,1030,1398,1480,2857,6839
20251,11230545,제기동,22962,11776,11186,1961,4356,2975,2601,3464,7605,1013,2305,1676,1434,1851,3497,948,2051,1299,1167,1613,4108,12981
20251,11380551,갈현1동,14470,7022,7448,1417,2099,2044,1968,2507,4435,780,1002,1088,993,1198,1961,637,1097,956,975,1309,2474,7340
20251,11260550,면목5동,14564,7254,7310,2166,1503,2461,2370,2359,3705,1092,770,1239,1261,1172,1720,1074,733,1222,1109,1187,1985,6400
20251,11620725,조원동,19598,9785,9813,1498,4367,4401,2410,2461,4461,760,1921,2348,1302,1299,2155,738,2446,2053,1108,1162,2306,12203
20251,11500611,발산1동,35643,16815,18828,7192,4277,3772,6448,6052,7902,3577,2108,1789,3013,2922,3406,3615,2169,1983,3435,3130,4496,13557
20251,11140590,광희동,5676,2808,2868,307,1154,1222,673,758,1562,159,454,650,345,416,784,148,700,572,328,342,778,3859
20251,11290600,안암동,14869,7492,7377,1094,5477,2031,1398,1902,2967,576,2817,1147,710,931,1311,518,2660,884,688,971,1656,9778
20251,11320670,쌍문2동,17905,8522,9383,1919,2161,2304,2455,3145,5921,1019,1072,1206,1250,1458,2517,900,1089,1098,1205,1687,3404,8451
20251,11170640,이촌2동,7870,3699,4171,869,833,1272,1131,1294,2471,425,418,640,551,626,1039,444,415,632,580,668,1432,3591
20251,11470610,신월6동,13867,6764,7103,2649,1421,2209,2369,2064,3155,1333,712,1050,1222,997,1450,1316,709,1159,1147,1067,1705,5367
20251,11710642,문정2동,28782,13195,15587,2904,4676,7307,4456,3472,5967,1440,1801,3302,2126,1668,2858,1464,2875,4005,2330,1804,3109,15844
20251,11350580,월계3동,28721,13754,14967,3604,3167,4255,4140,4550,9005,1901,1564,2158,2094,2172,3865,1703,1603,2097,2046,2378,5140,12872
20251,11500604,가양2동,13460,6313,7147,815,1307,2213,1362,1635,6128,434,570,1093,677,784,2755,381,737,1120,685,851,3373,8004
20251,11710680,잠실3동,33805,15960,17845,6578,3530,3519,6057,5459,8662,3272,1716,1492,2781,2674,4025,3306,1814,2027,3276,2785,4637,11814
20251,11410710,북가좌1동,17563,8389,9174,3067,1862,2117,2988,3001,4528,1608,899,980,1408,1495,1999,1459,963,1137,1580,1506,2529,6782
20251,11290770,장위2동,13080,6397,6683,1253,1748,1781,1629,2262,4407,650,854,919,876,1143,1955,603,894,862,753,1119,2452,6575
20251,11230536,용신동,38362,18958,19404,3880,6996,7010,5542,5577,9357,1971,3141,3504,2942,2924,4476,1909,3855,3506,2600,2653,4881,21655
20251,11650530,서초3동,31862,15138,16724,4233,5226,5306,4770,5156,7171,2285,2321,2452,2166,2550,3364,1948,2905,2854,2604,2606,3807,15194
20251,11740610,천호2동,32694,15924,16770,3070,4613,6011,4701,5084,9215,1569,2099,3053,2408,2498,4297,1501,2514,2958,2293,2586,4918,17419
20251,11380510,녹번동,36092,16943,19149,4214,4495,5670,5379,5807,10527,2055,2091,2752,2745,2767,4533,2159,2404,2918,2634,3040,5994,17617
20251,11260660,망우3동,15615,7869,7746,1418,1977,1954,1959,3002,5305,686,992,1066,1044,1503,2578,732,985,888,915,1499,2727,8150
20251,11440630,신수동,22046,10753,11293,3231,3303,3353,3486,3769,4904,1676,1715,1632,1655,1871,2204,1555,1588,1721,1831,1898,2700,9989
20251,11290715,월곡1동,25580,12324,13256,4029,2818,3214,4144,4342,7033,2015,1322,1595,2052,2170,3170,2014,1496,1619,2092,2172,3863,10775
20251,11590680,신대방2동,22684,10857,11827,3307,3677,3873,3490,3231,5106,1680,1686,1885,1710,1580,2316,1627,1991,1988,1780,1651,2790,10901
20251,11290780,장위3동,15519,7611,7908,2784,1948,2233,2635,2529,3390,1405,947,1076,1350,1245,1588,1379,1001,1157,1285,1284,1802,6445
20251,11380690,진관동,54368,25288,29080,10415,6706,6109,9196,9113,12829,5374,2925,2553,4158,4500,5778,5041,3781,3556,5038,4613,7051,21360
20251,11380625,역촌동,43767,20483,23284,4868,5864,5966,6675,7550,12844,2439,2804,2897,3284,3534,5525,2429,3060,3069,3391,4016,7319,20617
20251,11740620,천호3동,25969,12529,13440,2197,4210,5030,3486,3867,7179,1133,1782,2441,1810,1966,3397,1064,2428,2589,1676,1901,3782,14368
20251,11440700,망원2동,17917,8341,9576,2213,2552,2870,2842,2916,4524,1135,1123,1346,1365,1413,1959,1078,1429,1524,1477,1503,2565,8348
20251,11305595,번1동,17358,8652,8706,1339,2827,2519,2518,2901,5254,672,1323,1359,1386,1510,2402,667,1504,1160,1132,1391,2852,10159
20251,11470530,목3동,21206,10060,11146,2379,3090,3786,2997,3368,5586,1265,1485,1845,1444,1519,2502,1114,1605,1941,1553,1849,3084,10074
20251,11530770,오류1동,22559,10732,11827,2051,4022,4550,2980,3031,5925,1022,1640,2288,1531,1516,2735,1029,2382,2262,1449,1515,3190,12645
20251,11740650,성내2동,23452,11433,12019,1873,3921,4390,3062,3447,6759,986,1657,2269,1606,1749,3166,887,2264,2121,1456,1698,3593,13395
20251,11545630,독산3동,23433,11747,11686,1819,3579,3643,2766,4214,7412,910,1751,2030,1501,2044,3511,909,1828,1613,1265,2170,3901,12776
20251,11170560,원효로1동,16956,7874,9082,2035,2849,4187,2648,2178,3059,1053,1083,1956,1293,1079,1410,982,1766,2231,1355,1099,1649,9246
20251,11530560,구로5동,28952,14052,14900,2914,4871,5547,3904,4379,7337,1488,2093,2812,2039,2188,3432,1426,2778,2735,1865,2191,3905,15519
20251,11500593,화곡8동,23468,11313,12155,2351,3535,3798,3576,3586,6622,1204,1690,2003,1867,1684,2865,1147,1845,1795,1709,1902,3757,11692
20251,11170555,청파동,18842,8750,10092,1460,4040,3339,2305,2991,4707,717,1526,1783,1168,1491,2065,743,2514,1556,1137,1500,2642,11116
20251,11560620,양평2동,22288,10893,11395,2856,3622,5349,3276,3043,4142,1460,1610,2673,1636,1565,1949,1396,2012,2676,1640,1478,2193,10913
20251,11410720,북가좌2동,30673,14859,15814,3326,4272,4121,4325,5190,9439,1717,2125,2161,2184,2476,4196,1609,2147,1960,2141,2714,5243,14579
20251,11545640,독산4동,14511,7266,7245,1272,1921,2009,1717,2876,4716,622,974,1076,906,1443,2245,650,947,933,811,1433,2471,7557
20251,11110640,이화동,6891,3277,3614,487,1496,1219,792,1000,1897,254,686,604,402,490,841,233,810,615,390,510,1056,4206
20251,11110615,종로1?2?3?4가동,6658,4029,2629,369,944,974,835,1117,2419,197,456,574,512,761,1529,172,488,400,323,356,890,4883
20251,11560535,영등포동,29839,15326,14513,1900,7604,8392,3528,3320,5095,952,3066,4449,1993,2021,2845,948,4538,3943,1535,1299,2250,21204
20251,11260690,신내2동,19675,9292,10383,2434,2125,2704,2785,3320,6307,1225,1062,1331,1400,1545,2729,1209,1063,1373,1385,1775,3578,8897
20251,11560680,신길6동,19493,9518,9975,2487,2892,3304,2786,2955,5069,1352,1351,1622,1452,1432,2309,1135,1541,1682,1334,1523,2760,9265
20251,11140665,동화동,9941,4786,5155,1332,1138,1278,1416,1801,2976,687,556,634,690,853,1366,645,582,644,726,948,1610,3987
20251,11410520,천연동,16547,7796,8751,2273,1936,2301,2399,2915,4723,1130,932,1103,1149,1427,2055,1143,1004,1198,1250,1488,2668,7609
20251,11440680,합정동,16310,7512,8798,1356,3011,3574,2448,2205,3716,668,1309,1701,1195,1002,1637,688,1702,1873,1253,1203,2079,9188
20251,11140680,중림동,12142,5940,6202,1646,1368,2109,2066,1828,3125,866,587,958,1102,940,1487,780,781,1151,964,888,1638,5937
20251,11440740,상암동,29662,13937,15725,5608,4228,3533,5087,5046,6160,2865,1834,1629,2369,2534,2706,2743,2394,1904,2718,2512,3454,12700
20251,11740580,암사2동,14825,7158,7667,2123,1760,2621,2306,2266,3749,1094,823,1282,1167,1082,1710,1029,937,1339,1139,1184,2039,6375
20251,11215870,구의3동,27836,13145,14691,3858,4079,4489,4065,4687,6658,1909,1868,2168,1909,2228,3063,1949,2211,2321,2156,2459,3595,12048
20251,11650580,반포3동,23761,11271,12490,5151,2582,2533,4499,4268,4728,2632,1260,1128,1973,2176,2102,2519,1322,1405,2526,2092,2626,8199
20251,11215810,광장동,33964,16438,17526,7792,3846,3310,6841,6054,6121,4000,1911,1494,3076,3054,2903,3792,1935,1816,3765,3000,3218,11851
20251,11680600,대치1동,23878,11957,11921,6872,2275,1337,5333,4121,3940,3792,1172,563,2262,2256,1912,3080,1103,774,3071,1865,2028,7218
20251,11530730,고척2동,25749,12684,13065,3300,3084,3007,3629,4710,8019,1693,1564,1543,1802,2352,3730,1607,1520,1464,1827,2358,4289,11447
20251,11200590,금호1가동,14750,7024,7726,2106,1524,2315,2474,2321,4010,1088,737,1083,1276,1104,1736,1018,787,1232,1198,1217,2274,6503
20251,11410615,연희동,33724,16100,17624,3331,7365,5355,4424,4927,8322,1671,3700,2674,2130,2314,3611,1660,3665,2681,2294,2613,4711,18420
20251,11140570,필동,4012,2085,1927,336,748,697,476,567,1188,176,371,378,257,328,575,160,377,319,219,239,613,2495
20251,11440590,용강동,21098,9951,11147,3985,1997,3386,4218,3157,4355,1980,909,1533,1990,1605,1934,2005,1088,1853,2228,1552,2421,9236
20251,11440555,아현동,28335,13175,15160,4932,3170,5561,4986,4207,5479,2368,1350,2486,2506,2003,2462,2564,1820,3075,2480,2204,3017,11924
20251,11320681,쌍문4동,18061,8536,9525,2733,2180,2113,2651,3212,5172,1440,1107,996,1249,1435,2309,1293,1073,1117,1402,1777,2863,7093
20251,11170530,남영동,6819,4160,2659,353,767,1006,842,1451,2400,194,339,550,513,994,1570,159,428,456,329,457,830,4845
20251,11530800,항동,16335,7906,8429,3938,1379,3015,3308,1830,2865,1988,670,1336,1748,864,1300,1950,709,1679,1560,966,1565,6252
20251,11590650,사당4동,13771,6587,7184,1226,2307,2363,1912,1984,3979,635,1053,1227,986,954,1732,591,1254,1136,926,1030,2247,7233
20251,11110570,무악동,7963,3652,4311,1473,823,813,1301,1434,2119,630,387,379,610,716,930,843,436,434,691,718,1189,3007
20251,11680656,도곡2동,32648,15135,17513,7204,3520,3007,6127,5568,7222,3363,1568,1279,2682,2771,3472,3841,1952,1728,3445,2797,3750,11471
20251,11680750,수서동,14026,6312,7714,1011,1134,1895,1573,1854,6559,494,578,951,798,843,2648,517,556,944,775,1011,3911,7719
20251,11680720,일원본동,22796,11239,11557,5022,2258,2549,4257,3663,5047,2895,1173,1177,1911,1777,2306,2127,1085,1372,2346,1886,2741,7994
20251,11305575,삼각산동,30604,14688,15916,6040,3295,3197,5643,5510,6919,3112,1629,1510,2687,2762,2988,2928,1666,1687,2956,2748,3931,11515
20251,11740540,명일2동,17034,8298,8736,3313,2117,1797,2939,2672,4196,1797,1015,850,1299,1332,2005,1516,1102,947,1640,1340,2191,6424
20244,11650651,양재1동,41970,19916,22054,7162,4669,5981,7018,6403,10737,3612,2305,2898,3364,3050,4687,3550,2364,3083,3654,3353,6050,17799
20244,11440730,성산2동,38537,17159,21378,4756,6487,6726,5575,5968,9025,2416,2439,3011,2635,2891,3767,2340,4048,3715,2940,3077,5258,19332
20244,11305534,삼양동,22402,11147,11255,2574,2809,2595,3062,4170,7192,1354,1477,1373,1585,2071,3287,1220,1332,1222,1477,2099,3905,10805
20244,11380570,대조동,27359,12627,14732,2350,5092,4895,3556,4097,7369,1168,2033,2437,1772,1972,3245,1182,3059,2458,1784,2125,4124,15341
20244,11620605,은천동,32359,15843,16516,4077,5082,5050,4730,4764,8656,2107,2408,2642,2396,2413,3877,1970,2674,2408,2334,2351,4779,16051
20244,11290685,길음2동,21666,10347,11319,4065,2507,2856,3847,3714,4677,2097,1180,1335,1818,1835,2082,1968,1327,1521,2029,1879,2595,8617
20244,11440655,서강동,24556,11694,12862,3262,4707,4051,3790,3723,5023,1689,2198,1925,1859,1775,2248,1573,2509,2126,1931,1948,2775,12147
20244,11290610,보문동,16145,7748,8397,1933,2644,2807,2275,2686,3800,957,1228,1404,1166,1307,1686,976,1416,1403,1109,1379,2114,8126
20244,11380530,불광2동,26600,12782,13818,2240,3809,3761,3318,4614,8858,1149,1840,1946,1713,2193,3941,1091,1969,1815,1605,2421,4917,13965
20244,11215780,능동,11053,5063,5990,919,2217,2459,1604,1443,2411,462,958,1120,771,687,1065,457,1259,1339,833,756,1346,6456
20244,11320680,쌍문3동,16449,7872,8577,1590,2375,2361,2240,2788,5095,791,1114,1214,1151,1332,2270,799,1261,1147,1089,1456,2825,8192
20244,11470520,목2동,28816,13924,14892,3551,4299,5100,4253,4698,6915,1877,2069,2568,2067,2174,3169,1674,2230,2532,2186,2524,3746,13299
20244,11215820,자양1동,21795,10556,11239,2105,3873,3812,3127,3377,5501,1095,1879,1986,1530,1654,2412,1010,1994,1826,1597,1723,3089,11960
20244,11350670,상계5동,22979,11152,11827,2533,2909,2567,2991,4369,7610,1298,1503,1383,1484,2114,3370,1235,1406,1184,1507,2255,4240,10900
20244,11560660,신길4동,10315,5096,5219,1110,1231,1489,1375,1756,3354,579,630,796,714,871,1506,531,601,693,661,885,1848,5081
20244,11470580,신월3동,14261,7502,6759,1565,1685,1854,1910,2539,4708,840,892,1002,1044,1408,2316,725,793,852,866,1131,2392,7693
20244,11740560,고덕2동,22684,11427,11257,4754,2039,3425,4400,3203,4863,2520,1039,1636,2261,1594,2377,2234,1000,1789,2139,1609,2486,8924
20244,11260580,상봉1동,23195,11266,11929,3239,2914,3373,3269,3951,6449,1690,1420,1675,1676,1851,2954,1549,1494,1698,1593,2100,3495,10132
20244,11500591,화곡6동,24357,11645,12712,2370,4127,4399,3369,3688,6404,1244,1810,2169,1757,1755,2910,1126,2317,2230,1612,1933,3494,12808
20244,11500550,화곡2동,17041,8180,8861,2091,2333,2600,2758,2777,4482,1053,1136,1390,1368,1307,1926,1038,1197,1210,1390,1470,2556,8150
20244,11170520,용산2가동,8866,4311,4555,691,1307,1624,1227,1243,2774,361,663,845,659,590,1193,330,644,779,568,653,1581,5007
20244,11500615,우장산동,43709,20877,22832,8547,5208,5251,8190,7110,9403,4204,2384,2553,3812,3546,4378,4343,2824,2698,4378,3564,5025,16799
20244,11140605,을지로동,3208,1742,1466,211,512,956,454,370,705,98,203,536,249,225,431,113,309,420,205,145,274,2292
20244,11260620,묵1동,33661,16051,17610,4651,4688,4558,5110,5530,9124,2354,2163,2237,2504,2664,4129,2297,2525,2321,2606,2866,4995,14934
20244,11740590,암사3동,17136,8416,8720,3437,1763,2030,3124,2594,4188,1811,890,943,1520,1275,1977,1626,873,1087,1604,1319,2211,6078
20244,11740520,상일동,39307,19334,19973,9332,3437,5097,8026,5494,7921,4772,1726,2319,3983,2720,3814,4560,1711,2778,4043,2774,4107,13601
20244,11590510,노량진1동,32005,16255,15750,3388,5723,5768,4068,4572,8486,1747,3044,3276,2172,2296,3720,1641,2679,2492,1896,2276,4766,16917
20244,11560550,당산1동,20951,10105,10846,1865,3681,4911,2670,2884,4940,947,1533,2518,1369,1468,2270,918,2148,2393,1301,1416,2670,11632
20244,11470550,목5동,40702,20159,20543,10213,3947,3450,8541,6786,7765,5574,2006,1555,3792,3495,3737,4639,1941,1895,4749,3291,4028,13447
20244,11320514,창4동,26168,12513,13655,3711,3414,3341,3902,4742,7058,1907,1656,1653,1858,2204,3235,1804,1758,1688,2044,2538,3823,10984
20244,11110710,숭인2동,9499,4638,4861,483,2234,1740,1013,1536,2493,227,859,890,547,835,1280,256,1375,850,466,701,1213,6369
20244,11110530,사직동,8992,3989,5003,1122,1044,1412,1407,1477,2530,510,440,632,611,680,1116,612,604,780,796,797,1414,4532
20244,11170570,원효로2동,13626,6396,7230,1710,1909,2315,1973,2222,3497,776,842,1138,987,1083,1570,934,1067,1177,986,1139,1927,6245
20244,11545670,시흥1동,32115,15959,16156,3415,4325,4825,4376,5529,9645,1800,2136,2539,2286,2771,4427,1615,2189,2286,2090,2758,5218,16342
20244,11470570,신월2동,20779,10130,10649,2995,2437,2722,3270,3235,6120,1500,1246,1358,1669,1584,2773,1495,1191,1364,1601,1651,3347,8702
20244,11350600,공릉2동,41435,20163,21272,7053,6862,5438,6599,6387,9096,3643,3362,2693,3179,3130,4156,3410,3500,2745,3420,3257,4940,17741
20244,11170660,이태원2동,8657,4044,4613,767,1192,1695,1293,1247,2463,370,605,850,634,568,1017,397,587,845,659,679,1446,4845
20244,11710646,장지동,28473,13711,14762,4331,3521,4383,4387,4637,7214,2192,1799,2173,2194,2141,3212,2139,1722,2210,2193,2496,4002,12055
20244,11650570,반포2동,23322,11070,12252,5945,2189,2186,4645,3835,4522,2970,1043,901,2069,2012,2075,2975,1146,1285,2576,1823,2447,7603
20244,11350570,월계2동,25485,12230,13255,3245,2758,2828,3747,4300,8607,1680,1420,1408,1897,2107,3718,1565,1338,1420,1850,2193,4889,11694
20244,11620765,미성동,29526,14465,15061,3333,4339,4111,4090,4825,8828,1680,2109,2204,2088,2337,4047,1653,2230,1907,2002,2488,4781,14233
20244,11380650,수색동,20440,9936,10504,3213,2561,3587,2992,3554,4533,1616,1289,1750,1521,1717,2043,1597,1272,1837,1471,1837,2490,8249
20244,11350625,중계2?3동,32502,14828,17674,4195,3658,3820,4805,5565,10459,2088,1801,1884,2319,2622,4114,2107,1857,1936,2486,2943,6345,14980
20244,11110580,교남동,9715,4456,5259,1530,1142,1407,1697,1622,2317,741,521,639,785,789,981,789,621,768,912,833,1336,4341
20244,11350612,하계2동,21306,10129,11177,3682,2596,2462,3461,3825,5280,1905,1356,1168,1602,1825,2273,1777,1240,1294,1859,2000,3007,8207
20244,11350621,중계1동,26318,12840,13478,6900,2811,1858,5725,4881,4143,3691,1467,829,2470,2516,1867,3209,1344,1029,3255,2365,2276,8923
20244,11230610,답십리2동,27467,13247,14220,3293,3181,4231,3775,4588,8399,1605,1584,2158,1912,2237,3751,1688,1597,2073,1863,2351,4648,12454
20244,11710520,풍납2동,23552,11093,12459,3408,3330,3689,3709,3552,5864,1727,1415,1735,1817,1709,2690,1681,1915,1954,1892,1843,3174,10513
20244,11260590,상봉2동,20258,9631,10627,1387,4154,4749,2415,2869,4684,702,1649,2314,1283,1453,2230,685,2505,2435,1132,1416,2454,12531
20244,11650590,방배본동,20401,9406,10995,3930,2442,2230,3630,3553,4616,1855,1101,998,1601,1740,2111,2075,1341,1232,2029,1813,2505,7917
20244,11230710,회기동,10313,4883,5430,996,3406,1479,1160,1219,2053,494,1536,797,565,630,861,502,1870,682,595,589,1192,6575
20244,11320700,방학2동,18535,9360,9175,1901,2134,1972,2338,3524,6666,986,1159,1103,1212,1791,3109,915,975,869,1126,1733,3557,9126
20244,11260565,면목본동,32648,16095,16553,2811,4744,5276,4441,5854,9522,1442,2267,2771,2364,2912,4339,1369,2477,2505,2077,2942,5183,17709
20244,11650510,서초1동,20154,9749,10405,2980,2660,3273,3563,3167,4511,1582,1323,1544,1633,1558,2109,1398,1337,1729,1930,1609,2402,9392
20244,11710632,가락2동,31181,15186,15995,5254,4005,4610,5066,5110,7136,2728,1978,2264,2444,2461,3311,2526,2027,2346,2622,2649,3825,12362
20244,11680531,논현2동,20369,9434,10935,2079,3161,4071,3605,3040,4413,1050,1386,1859,1712,1436,1991,1029,1775,2212,1893,1604,2422,11204
20244,11650610,방배2동,18010,8404,9606,2442,2281,2679,2744,2828,5036,1218,1131,1237,1272,1301,2245,1224,1150,1442,1472,1527,2791,7831
20244,11305645,우이동,19766,9445,10321,2065,2304,2383,2607,3519,6888,1050,1073,1244,1355,1697,3026,1015,1231,1139,1252,1822,3862,9518
20244,11290760,장위1동,23354,11327,12027,3194,3016,3150,3511,4103,6380,1585,1488,1621,1808,1948,2877,1609,1528,1529,1703,2155,3503,10588
20244,11230730,휘경2동,24158,12015,12143,2811,5838,3023,3127,3560,5799,1391,3026,1613,1582,1781,2622,1420,2812,1410,1545,1779,3177,12643
20244,11350619,중계본동,23040,11163,11877,5334,2899,1645,4258,4637,4267,2719,1456,803,1845,2324,2016,2615,1443,842,2413,2313,2251,8133
20244,11380580,응암1동,32659,15258,17401,4871,4200,5235,5463,5059,7831,2500,1812,2497,2671,2457,3321,2371,2388,2738,2792,2602,4510,15086
20244,11305625,수유2동,20502,9717,10785,2064,2590,2319,2733,3547,7249,1076,1186,1245,1410,1682,3118,988,1404,1074,1323,1865,4131,9767
20244,11320512,창2동,28172,13658,14514,3392,3737,3782,4103,4947,8211,1737,1841,1919,2095,2330,3736,1655,1896,1863,2008,2617,4475,12509
20244,11305535,미아동,20841,9966,10875,1702,3520,2708,2628,3535,6748,904,1477,1474,1342,1747,3022,798,2043,1234,1286,1788,3726,11645
20244,11230720,휘경1동,13580,6428,7152,1420,3601,2055,1613,1886,3005,698,1505,1093,827,907,1398,722,2096,962,786,979,1607,7552
20244,11410700,남가좌2동,29083,14033,15050,4681,4083,4081,4720,4487,7031,2367,1986,1979,2379,2203,3119,2314,2097,2102,2341,2284,3912,13349
20244,11140670,황학동,12685,5986,6699,1103,2172,2968,1817,1685,2940,562,881,1456,926,818,1343,541,1291,1512,891,867,1597,7419
20244,11560585,도림동,17562,8900,8662,1605,2542,3250,2425,2902,4838,834,1234,1723,1293,1533,2283,771,1308,1527,1132,1369,2555,9621
20244,11215730,군자동,19048,9394,9654,1577,4259,3440,2476,2640,4656,826,2050,1785,1249,1328,2156,751,2209,1655,1227,1312,2500,11293
20244,11545510,가산동,24622,13262,11360,1183,6982,6580,2804,2716,4357,593,3140,3964,1719,1598,2248,590,3842,2616,1085,1118,2109,18077
20244,11380631,신사1동,26462,12698,13764,2997,3592,3776,3864,4436,7797,1530,1796,1915,1930,2094,3433,1467,1796,1861,1934,2342,4364,12059
20244,11215710,화양동,24821,11760,13061,1242,10467,4995,2328,2294,3495,569,4475,2584,1249,1238,1645,673,5992,2411,1079,1056,1850,18696
20244,11470650,신정4동,31687,15407,16280,3158,4945,4794,4564,5229,8997,1622,2327,2520,2311,2538,4089,1536,2618,2274,2253,2691,4908,16216
20244,11170685,한남동,17711,8532,9179,2037,2037,3193,2924,2831,4689,1059,1018,1548,1469,1337,2101,978,1019,1645,1455,1494,2588,9323
20244,11110650,혜화동,15833,7605,8228,1689,4273,2038,1904,2304,3625,833,2111,1077,919,1094,1571,856,2162,961,985,1210,2054,9092
20244,11320513,창3동,13163,6549,6614,1407,1487,1503,1893,2437,4436,758,776,813,984,1209,2009,649,711,690,909,1228,2427,6402
20244,11410555,북아현동,15401,7379,8022,2242,1925,2786,2525,2474,3449,1157,851,1325,1302,1197,1547,1085,1074,1461,1223,1277,1902,7031
20244,11470630,신정2동,18773,9207,9566,3948,2123,1564,3465,3405,4268,2034,1087,737,1561,1781,2007,1914,1036,827,1904,1624,2261,6828
20244,11200650,성수1가1동,15394,7652,7742,1722,2196,2841,2013,2745,3877,901,1102,1424,1008,1329,1888,821,1094,1417,1005,1416,1989,7434
20244,11320660,쌍문1동,20484,9807,10677,2281,2632,2371,2743,3678,6779,1143,1198,1234,1400,1792,3040,1138,1434,1137,1343,1886,3739,9257
20244,11740685,길동,44395,21594,22801,4611,6297,7127,6419,7099,12842,2411,2946,3637,3290,3428,5882,2200,3351,3490,3129,3671,6960,21799
20244,11545690,시흥3동,10153,5020,5133,1022,1164,1276,1264,1831,3596,519,599,691,659,888,1664,503,565,585,605,943,1932,4581
20244,11320511,창1동,23774,11340,12434,3055,2927,3114,3534,4185,6959,1565,1436,1615,1721,1965,3038,1490,1491,1499,1813,2220,3921,10766
20244,11290725,월곡2동,18900,8965,9935,2131,3483,2565,2489,2953,5279,1111,1367,1337,1250,1491,2409,1020,2116,1228,1239,1462,2870,9649
20244,11215760,중곡3동,15681,7737,7944,1436,2305,2714,2050,2676,4500,741,1106,1417,1078,1317,2078,695,1199,1297,972,1359,2422,8495
20244,11710510,풍납1동,11750,5769,5981,1225,1267,1627,1584,1988,4059,678,652,855,801,967,1816,547,615,772,783,1021,2243,5572
20244,11440610,염리동,16719,7963,8756,2922,2412,2746,3054,2505,3080,1465,1091,1321,1477,1269,1340,1457,1321,1425,1577,1236,1740,7762
20244,11200670,성수2가1동,14544,7539,7005,1301,1837,2399,1889,2557,4561,659,949,1295,1018,1355,2263,642,888,1104,871,1202,2298,7587
20244,11500560,화곡3동,21093,10044,11049,2563,2979,3092,3065,3165,6229,1353,1342,1515,1497,1486,2851,1210,1637,1577,1568,1679,3378,9685
20244,11680510,신사동,15436,7204,8232,2348,1899,2022,2506,2568,4093,1199,878,914,1115,1255,1843,1149,1021,1108,1391,1313,2250,6717
20244,11170590,용문동,11380,5423,5957,1264,1613,1939,1576,1846,3142,631,762,981,793,893,1363,633,851,958,783,953,1779,5307
20244,11590670,신대방1동,23282,11152,12130,3513,3325,3095,3612,3868,5869,1727,1572,1552,1714,1915,2672,1786,1753,1543,1898,1953,3197,10423
20244,11740570,암사1동,33825,16775,17050,4027,4289,4876,5160,5816,9657,2023,2232,2550,2678,2857,4435,2004,2057,2326,2482,2959,5222,16155
20244,11200560,행당1동,13629,6526,7103,1824,2164,2212,2056,2161,3212,898,995,1102,1011,1023,1497,926,1169,1110,1045,1138,1715,6397
20244,11200620,금호4가동,14142,6694,7448,2116,1311,2308,2621,2123,3663,1098,661,1063,1289,1045,1538,1018,650,1245,1332,1078,2125,6398
20244,11680655,도곡1동,20005,9502,10503,3672,2411,2742,3513,3246,4421,1738,1167,1256,1631,1620,2090,1934,1244,1486,1882,1626,2331,8034
20244,11110670,창신1동,4523,2397,2126,280,522,621,501,840,1759,149,271,355,273,441,908,131,251,266,228,399,851,2628
20244,11710670,잠실2동,34909,16705,18204,9113,3341,3220,8042,5660,5533,4653,1533,1304,3688,3000,2527,4460,1808,1916,4354,2660,3006,11542
20244,11740660,성내3동,22433,10963,11470,2471,3268,3311,3357,3800,6226,1392,1667,1703,1625,1817,2759,1079,1601,1608,1732,1983,3467,10645
20244,11650620,방배3동,15757,7500,8257,2670,1800,1874,2500,2602,4311,1335,894,849,1141,1243,2038,1335,906,1025,1359,1359,2273,5855
20244,11545680,시흥2동,20564,9831,10733,3156,2108,2230,2999,3655,6416,1549,1075,1111,1432,1737,2927,1607,1033,1119,1567,1918,3489,8238
20244,11350695,상계6?7동,31400,14467,16933,4531,4011,4657,4833,5511,7857,2328,1908,2248,2223,2475,3285,2203,2103,2409,2610,3036,4572,13887
20244,11680740,일원2동,16833,8153,8680,2624,1629,2392,2921,2447,4820,1590,869,1165,1377,1194,1958,1034,760,1227,1544,1253,2862,7377
20244,11680660,개포1동,6765,3265,3500,1151,649,638,1068,1017,2242,559,319,289,499,510,1089,592,330,349,569,507,1153,2547
20244,11305615,수유1동,19842,9710,10132,1918,2797,2644,2591,3325,6567,967,1300,1448,1389,1649,2957,951,1497,1196,1202,1676,3610,10418
20244,11410565,충현동,19682,9454,10228,2309,3004,3356,2797,3158,5058,1143,1369,1646,1413,1560,2323,1166,1635,1710,1384,1598,2735,10070
20244,11590620,사당1동,22415,10798,11617,1388,5074,4744,2832,2807,5570,740,2283,2484,1498,1312,2481,648,2791,2260,1334,1495,3089,13773
20244,11680650,역삼2동,36348,16944,19404,7981,4370,4509,8338,5910,5240,3733,1871,2047,3684,3231,2378,4248,2499,2462,4654,2679,2862,15611
20244,11740700,둔촌2동,24228,11861,12367,3360,3110,3688,3495,3911,6664,1764,1532,1874,1752,1868,3071,1596,1578,1814,1743,2043,3593,10426
20244,11350665,상계3?4동,27489,13675,13814,3585,3100,2909,3876,4953,9066,1887,1634,1567,1965,2469,4153,1698,1466,1342,1911,2484,4913,12412
20244,11305545,송중동,28576,13737,14839,3126,3770,3735,4089,4933,8923,1540,1822,1902,2089,2365,4019,1586,1948,1833,2000,2568,4904,13802
20244,11260680,신내1동,37757,18186,19571,6092,4249,4537,5613,6197,11069,3123,2172,2232,2746,2917,4996,2969,2077,2305,2867,3280,6073,14887
20244,11590530,상도1동,44464,21556,22908,5282,10237,5927,5858,6511,10649,2652,5321,2989,2814,3092,4688,2630,4916,2938,3044,3419,5961,22704
20244,11590520,노량진2동,10181,5312,4869,556,1990,1838,1163,1466,3168,274,1025,1095,672,786,1460,282,965,743,491,680,1708,6725
20244,11620630,남현동,17668,8549,9119,1419,3785,3659,2115,2398,4292,719,1752,1971,1069,1113,1925,700,2033,1688,1046,1285,2367,9874
20244,11710620,가락본동,25171,12461,12710,2965,3485,4476,3545,4192,6508,1512,1737,2282,1800,1984,3146,1453,1748,2194,1745,2208,3362,11567
20244,11230560,전농1동,32107,15979,16128,4034,4839,4460,4730,5311,8733,2037,2340,2296,2466,2739,4101,1997,2499,2164,2264,2572,4632,16020
20244,11650531,서초4동,30281,14804,15477,6584,3448,3064,5826,5248,6111,3449,1710,1331,2710,2676,2928,3135,1738,1733,3116,2572,3183,10706
20244,11680670,개포2동,41708,20173,21535,8783,4683,6170,7516,6679,7877,4470,2293,2841,3485,3295,3789,4313,2390,3329,4031,3384,4088,14821
20244,11290630,정릉2동,22510,10838,11672,2837,3023,2989,3163,3828,6670,1473,1502,1484,1602,1836,2941,1364,1521,1505,1561,1992,3729,9902
20244,11230740,이문1동,17724,8739,8985,1705,5173,2026,1959,2472,4389,861,2456,1156,1006,1278,1982,844,2717,870,953,1194,2407,10654
20244,11620585,낙성대동,17211,8618,8593,1292,5749,3833,1853,1665,2819,641,2714,2115,999,881,1268,651,3035,1718,854,784,1551,11903
20244,11710531,거여1동,12011,6013,5998,1339,1588,1640,1595,2163,3686,704,811,863,812,1096,1727,635,777,777,783,1067,1959,5558
20244,11710650,잠실본동,27731,13208,14523,2445,4952,6226,4164,3970,5974,1245,2180,3103,2048,1922,2710,1200,2772,3123,2116,2048,3264,16073
20244,11680580,삼성1동,12134,5938,6196,1774,1553,1712,1917,2050,3128,949,838,826,882,984,1459,825,715,886,1035,1066,1669,5230
20244,11680610,대치2동,38212,19396,18816,8922,4008,3306,7349,6670,7957,5235,2160,1541,3164,3430,3866,3687,1848,1765,4185,3240,4091,13293
20244,11530550,구로4동,18646,8980,9666,1480,2506,2746,2349,3122,6443,763,1189,1412,1235,1543,2838,717,1317,1334,1114,1579,3605,10345
20244,11350624,중계4동,19114,9151,9963,2800,2288,1812,2878,3591,5745,1472,1192,916,1357,1778,2436,1328,1096,896,1521,1813,3309,8209
20244,11350640,상계2동,19105,9426,9679,2261,2910,2133,2514,3737,5550,1105,1496,1122,1253,1834,2616,1156,1414,1011,1261,1903,2934,8558
20244,11215860,구의2동,25468,12150,13318,3443,3280,3587,3950,4410,6798,1753,1577,1763,1923,2085,3049,1690,1703,1824,2027,2325,3749,11380
20244,11470611,신월7동,18588,9029,9559,1852,2130,2501,2418,3218,6469,961,1092,1338,1272,1561,2805,891,1038,1163,1146,1657,3664,8930
20244,11500520,등촌1동,24933,11521,13412,2379,4735,6640,3456,3071,4652,1282,1883,3074,1772,1444,2066,1097,2852,3566,1684,1627,2586,14262
20244,11110540,삼청동,2247,1075,1172,248,238,283,316,351,811,133,121,131,153,171,366,115,117,152,163,180,445,1120
20244,11380560,구산동,31429,15279,16150,3813,4234,3793,4530,5645,9414,1895,1984,1896,2313,2740,4451,1918,2250,1897,2217,2905,4963,13477
20244,11140650,신당5동,10151,4914,5237,966,1494,1791,1397,1757,2746,462,664,898,727,910,1253,504,830,893,670,847,1493,5385
20244,11215830,자양2동,23591,11450,12141,2882,3208,3682,3540,3903,6376,1468,1588,1859,1734,1849,2952,1414,1620,1823,1806,2054,3424,10890
20244,11740550,고덕1동,23932,12182,11750,6073,1949,2426,5297,3431,4756,3392,1057,1132,2557,1813,2231,2681,892,1294,2740,1618,2525,8155
20244,11470620,신정1동,19716,9582,10134,4413,2061,1765,3859,3370,4248,2279,1053,814,1774,1702,1960,2134,1008,951,2085,1668,2288,6958
20244,11290650,정릉4동,24009,11457,12552,3160,3050,2863,3583,4243,7110,1633,1504,1431,1747,2059,3083,1527,1546,1432,1836,2184,4027,10737
20244,11140520,소공동,2178,1027,1151,289,218,442,514,320,395,130,79,205,250,170,193,159,139,237,264,150,202,1231
20244,11440565,공덕동,36426,16993,19433,4002,5749,6487,4980,6129,9079,2074,2349,3100,2501,2951,4018,1928,3400,3387,2479,3178,5061,18559
20244,11560720,대림3동,21488,10727,10761,2133,2698,3121,2678,3864,6994,1068,1431,1681,1388,1889,3270,1065,1267,1440,1290,1975,3724,10303
20244,11260540,면목4동,18121,9021,9100,1938,2212,2460,2636,3198,5677,1015,1143,1274,1399,1637,2553,923,1069,1186,1237,1561,3124,8928
20244,11410690,남가좌1동,16699,7994,8705,3810,1559,2235,3430,2364,3301,1914,728,970,1742,1171,1469,1896,831,1265,1688,1193,1832,6161
20244,11110630,종로5?6가동,5376,2824,2552,359,1180,886,571,855,1525,161,546,493,322,494,808,198,634,393,249,361,717,3576
20244,11200520,왕십리2동,15974,7663,8311,2097,2174,2781,2315,2596,4011,1065,1012,1354,1158,1260,1814,1032,1162,1427,1157,1336,2197,7303
20244,11140580,장충동,4549,2371,2178,389,1271,663,499,578,1149,201,707,374,262,303,524,188,564,289,237,275,625,2833
20244,11710631,가락1동,27469,13286,14183,5719,2571,4733,4925,3631,5890,2940,1266,2134,2441,1684,2821,2779,1305,2599,2484,1947,3069,9799
20244,11200580,응봉동,14940,7088,7852,2460,1666,2031,2607,2508,3668,1275,779,973,1230,1227,1604,1185,887,1058,1377,1281,2064,5949
20244,11470670,신정6동,23959,11598,12361,5302,2631,2449,4474,4245,4858,2727,1336,1137,1998,2058,2342,2575,1295,1312,2476,2187,2516,8185
20244,11650520,서초2동,24636,11631,13005,4292,3376,4799,4571,3206,4392,2197,1428,2184,2145,1610,2067,2095,1948,2615,2426,1596,2325,11340
20244,11560690,신길7동,19779,9835,9944,3668,2416,3282,3383,2949,4081,1923,1236,1634,1715,1402,1925,1745,1180,1648,1668,1547,2156,7880
20244,11710710,잠실6동,16514,7825,8689,2948,1768,1981,2777,2606,4434,1498,849,896,1280,1210,2092,1450,919,1085,1497,1396,2342,5834
20244,11305660,인수동,29069,14019,15050,3074,3468,3443,3874,4989,10221,1558,1693,1814,2007,2413,4534,1516,1775,1629,1867,2576,5687,14159
20244,11290580,돈암1동,14260,6652,7608,1740,1842,1866,1829,2593,4390,863,839,920,884,1225,1921,877,1003,946,945,1368,2469,6052
20244,11650560,반포1동,33740,16468,17272,6962,3952,5028,7041,4810,5947,3526,1859,2391,3421,2586,2685,3436,2093,2637,3620,2224,3262,14637
20244,11620525,보라매동,23092,11443,11649,2135,4351,4053,2939,3266,6348,1108,2104,2267,1535,1611,2818,1027,2247,1786,1404,1655,3530,12670
20244,11620575,행운동,28758,13926,14832,2079,7607,5942,3444,3392,6294,1032,3393,3181,1793,1694,2833,1047,4214,2761,1651,1698,3461,18159
20244,11620625,인헌동,25385,12283,13102,2133,5807,4960,3141,3495,5849,1113,2693,2564,1628,1664,2621,1020,3114,2396,1513,1831,3228,14772
20244,11620615,중앙동,15126,7305,7821,856,4374,3231,1662,1659,3344,428,1901,1723,885,843,1525,428,2473,1508,777,816,1819,10136
20244,11290640,정릉3동,14934,7431,7503,1346,3370,1799,1548,2287,4584,727,1866,1016,789,1107,1926,619,1504,783,759,1180,2658,8201
20244,11350611,하계1동,26128,12492,13636,3719,4532,2631,3348,4814,7084,2010,2414,1350,1483,2327,2908,1709,2118,1281,1865,2487,4176,12129
20244,11380552,갈현2동,27415,12947,14468,3291,3884,3568,4064,4876,7732,1668,1830,1798,1990,2289,3372,1623,2054,1770,2074,2587,4360,12523
20244,11380600,응암3동,23429,11287,12142,1971,3287,3255,3038,3863,8015,1007,1608,1710,1566,1944,3452,964,1679,1545,1472,1919,4563,12504
20244,11650652,양재2동,21157,10608,10549,2407,3148,4068,3407,3370,4757,1287,1596,2135,1731,1659,2200,1120,1552,1933,1676,1711,2557,10943
20244,11710562,방이2동,26094,11878,14216,2020,5130,6448,3632,3345,5519,1095,1992,2941,1815,1528,2507,925,3138,3507,1817,1817,3012,15656
20244,11620695,신림동,22622,12090,10532,681,8720,6189,2449,1806,2777,339,4196,3697,1470,1065,1323,342,4524,2492,979,741,1454,18724
20244,11620565,성현동,28222,13577,14645,4164,3618,3398,4450,4782,7810,2139,1817,1711,2188,2379,3343,2025,1801,1687,2262,2403,4467,12187
20244,11410685,홍은2동,28505,13661,14844,3665,4137,3981,4039,4803,7880,1842,2036,2064,1977,2303,3439,1823,2101,1917,2062,2500,4441,13166
20244,11740600,천호1동,25942,12735,13207,2644,3280,3850,3678,4341,8149,1336,1635,2042,1904,2121,3697,1308,1645,1808,1774,2220,4452,12929
20244,11200535,왕십리도선동,26181,12283,13898,3603,4013,4411,3895,4311,5948,1870,1726,1993,1935,2031,2728,1733,2287,2418,1960,2280,3220,12111
20244,11560515,영등포본동,20784,10610,10174,2250,2779,3244,2796,3528,6187,1146,1447,1720,1487,1811,2999,1104,1332,1524,1309,1717,3188,10407
20244,11290575,동선동,14977,6196,8781,1236,4651,2419,1762,1909,3000,530,1380,1182,862,929,1313,706,3271,1237,900,980,1687,9625
20244,11560605,문래동,32022,15577,16445,5830,3503,5493,5961,4494,6741,3011,1666,2607,2973,2241,3079,2819,1837,2886,2988,2253,3662,13095
20244,11500620,공항동,29436,14868,14568,5076,3657,4857,5192,4101,6553,2565,1882,2527,2788,2080,3026,2511,1775,2330,2404,2021,3527,13691
20244,11500510,염창동,41250,19807,21443,7769,5314,7231,7299,6159,7478,3977,2438,3285,3558,3052,3497,3792,2876,3946,3741,3107,3981,16592
20244,11560630,신길1동,19314,9780,9534,1597,3601,3596,2448,2904,5168,795,1732,2004,1361,1525,2363,802,1869,1592,1087,1379,2805,11605
20244,11380640,증산동,18240,8840,9400,2403,2357,2626,2570,3089,5195,1238,1129,1287,1288,1522,2376,1165,1228,1339,1282,1567,2819,7933
20244,11530740,개봉1동,33122,16420,16702,4134,3960,5015,4572,5483,9958,2116,2009,2567,2341,2714,4673,2018,1951,2448,2231,2769,5285,14958
20244,11545620,독산2동,17737,8915,8822,1694,2337,2512,2178,3358,5658,895,1171,1380,1144,1658,2667,799,1166,1132,1034,1700,2991,9282
20244,11350630,상계1동,36834,17688,19146,4724,4544,4401,5069,6715,11381,2412,2270,2211,2455,3143,5197,2312,2274,2190,2614,3572,6184,15534
20244,11500570,화곡4동,19720,9668,10052,2041,2499,2933,3042,3276,5929,1090,1274,1541,1580,1568,2615,951,1225,1392,1462,1708,3314,9641
20244,11200690,성수2가3동,10021,4999,5022,940,1628,1835,1322,1581,2715,499,769,880,688,811,1352,441,859,955,634,770,1363,5211
20244,11170700,보광동,11134,5572,5562,801,1494,1758,1493,2011,3577,465,846,1015,771,992,1483,336,648,743,722,1019,2094,6270
20244,11170690,서빙고동,12443,5999,6444,2037,1557,1436,2157,2147,3109,1026,794,705,1045,1016,1413,1011,763,731,1112,1131,1696,5097
20244,11170625,한강로동,20977,9895,11082,2206,3206,4813,2844,3197,4711,1136,1360,2240,1369,1507,2283,1070,1846,2573,1475,1690,2428,11229
20244,11230705,청량리동,18688,9202,9486,1546,2215,2135,2155,3063,7574,790,1110,1148,1138,1553,3463,756,1105,987,1017,1510,4111,10043
20244,11170580,효창동,10665,5044,5621,1426,1614,1969,1591,1728,2337,728,741,958,778,798,1041,698,873,1011,813,930,1296,4718
20244,11710580,송파1동,23353,10821,12532,2098,4019,5392,3349,3167,5328,1026,1767,2648,1564,1387,2429,1072,2252,2744,1785,1780,2899,12486
20244,11470510,목1동,30276,14544,15732,7467,2982,2754,6476,5153,5444,3731,1465,1184,2933,2662,2569,3736,1517,1570,3543,2491,2875,10349
20244,11470680,신정7동,28275,13546,14729,4859,2968,2931,4625,4979,7913,2510,1529,1444,2189,2445,3429,2349,1439,1487,2436,2534,4484,11507
20244,11620715,난향동,14726,7199,7527,2213,1623,1548,2518,2694,4130,1114,843,759,1245,1391,1847,1099,780,789,1273,1303,2283,6175
20244,11560560,당산2동,36667,17117,19550,4697,6732,8189,5239,4671,7139,2397,2651,3855,2603,2248,3363,2300,4081,4334,2636,2423,3776,18864
20244,11140540,회현동,4380,2304,2076,365,418,528,531,793,1745,186,209,260,285,427,937,179,209,268,246,366,808,2491
20244,11500640,방화2동,22596,11171,11425,2247,3015,3725,3014,3425,7170,1196,1443,1977,1576,1789,3190,1051,1572,1748,1438,1636,3980,12052
20244,11440600,대흥동,14719,7124,7595,1471,3656,2555,2017,2108,2912,764,1618,1311,1011,1077,1343,707,2038,1244,1006,1031,1569,8823
20244,11410620,홍제1동,24704,11553,13151,3208,3100,3607,3586,4205,6998,1566,1502,1708,1740,1984,3053,1642,1598,1899,1846,2221,3945,11038
20244,11545610,독산1동,45720,23242,22478,5294,7802,10015,6606,6356,9647,2682,3606,5435,3661,3232,4626,2612,4196,4580,2945,3124,5021,24569
20244,11110560,평창동,17366,8092,9274,2533,1997,2057,2484,3156,5139,1281,993,972,1124,1415,2307,1252,1004,1085,1360,1741,2832,7124
20244,11230750,이문2동,19385,9319,10066,2578,2642,2322,2758,3345,5740,1331,1188,1157,1404,1648,2591,1247,1454,1165,1354,1697,3149,8656
20244,11710540,마천1동,17982,9215,8767,2021,1988,1982,2356,3374,6261,1062,1028,1095,1248,1782,3000,959,960,887,1108,1592,3261,8567
20244,11380590,응암2동,27329,13188,14141,5321,2477,4191,5549,3913,5878,2764,1222,1924,2764,1945,2569,2557,1255,2267,2785,1968,3309,11014
20244,11500535,등촌3동,29390,13848,15542,3050,3235,4582,3612,4479,10432,1562,1614,2308,1779,2022,4563,1488,1621,2274,1833,2457,5869,15092
20244,11140625,다산동,13221,6412,6809,1114,2079,2167,1719,2138,4004,600,986,1118,888,1047,1773,514,1093,1049,831,1091,2231,6767
20244,11470640,신정3동,49523,23946,25577,8452,6003,5992,7797,8974,12305,4327,3061,2973,3729,4325,5531,4125,2942,3019,4068,4649,6774,19703
20244,11200570,행당2동,22851,10656,12195,3436,2579,3426,3583,3971,5856,1612,1198,1631,1718,1915,2582,1824,1381,1795,1865,2056,3274,9226
20244,11530520,구로1동,20519,10005,10514,3469,2418,3563,3529,3000,4540,1796,1149,1785,1744,1449,2082,1673,1269,1778,1785,1551,2458,8356
20244,11590540,상도2동,27084,12936,14148,4095,3942,4326,4416,4034,6271,2124,1819,2060,2193,1933,2807,1971,2123,2266,2223,2101,3464,12299
20244,11710720,잠실7동,9419,4382,5037,1435,1103,943,1245,1640,3053,655,540,418,546,766,1457,780,563,525,699,874,1596,3365
20244,11650621,방배4동,22754,10319,12435,3880,2825,3126,4033,3755,5135,1781,1248,1407,1758,1803,2322,2099,1577,1719,2275,1952,2813,9556
20244,11290590,돈암2동,23417,11070,12347,4248,2683,2749,3857,4362,5518,2135,1337,1297,1772,2082,2447,2113,1346,1452,2085,2280,3071,8521
20244,11170630,이촌1동,24933,11719,13214,4809,2548,2939,4157,4378,6102,2482,1260,1288,1898,2066,2725,2327,1288,1651,2259,2312,3377,9125
20244,11740690,둔촌1동,16,10,6,2,0,1,5,1,7,2,0,1,2,0,5,0,0,0,3,1,2,11
20244,11320515,창5동,23884,11392,12492,2882,3199,3393,3183,4238,6989,1480,1555,1690,1530,1944,3193,1402,1644,1703,1653,2294,3796,10262
20244,11500605,가양3동,14189,6504,7685,1059,1248,2945,1794,1889,5254,537,564,1429,938,914,2122,522,684,1516,856,975,3132,7735
20244,11650550,반포본동,117,49,68,17,21,6,22,21,30,7,8,3,8,9,14,10,13,3,14,12,16,44
20244,11305635,수유3동,22988,11301,11687,1593,4229,3326,2913,3923,7004,802,1938,1813,1586,1992,3170,791,2291,1513,1327,1931,3834,13528
20244,11230570,전농2동,17954,8555,9399,2542,2005,2090,2664,3152,5501,1275,968,1069,1309,1513,2421,1267,1037,1021,1355,1639,3080,7541
20244,11410660,홍은1동,22158,10677,11481,2755,2645,2973,3146,3932,6707,1378,1319,1494,1595,1908,2983,1377,1326,1479,1551,2024,3724,9694
20244,11590660,대방동,35620,16775,18845,5172,6087,4944,5581,5718,8118,2530,2762,2441,2637,2851,3554,2642,3325,2503,2944,2867,4564,16664
20244,11590630,사당2동,27151,13012,14139,3253,3366,4288,3936,4344,7964,1763,1625,2088,1945,2078,3513,1490,1741,2200,1991,2266,4451,12176
20244,11260575,면목3?8동,24375,12017,12358,2142,3312,3569,3169,4356,7827,1079,1649,1881,1701,2150,3557,1063,1663,1688,1468,2206,4270,12782
20244,11440710,연남동,14202,6690,7512,1131,2880,2925,2106,1935,3225,567,1312,1448,1055,911,1397,564,1568,1477,1051,1024,1828,8339
20244,11590605,흑석동,29907,14490,15417,4507,4506,4057,4648,4932,7257,2291,2283,1959,2335,2359,3263,2216,2223,2098,2313,2573,3994,12930
20244,11620685,신사동,21969,11050,10919,1437,5696,4113,2543,2980,5200,774,2700,2341,1343,1481,2411,663,2996,1772,1200,1499,2789,14144
20244,11260630,묵2동,18004,8791,9213,1811,2385,2649,2549,3090,5520,933,1160,1356,1307,1520,2515,878,1225,1293,1242,1570,3005,9142
20244,11230650,장안1동,37191,18358,18833,4598,4828,5838,6095,5762,10070,2356,2242,3033,3148,2889,4690,2242,2586,2805,2947,2873,5380,18136
20244,11620745,삼성동,19970,9928,10042,1726,2177,2180,2482,3630,7775,935,1117,1241,1325,1836,3474,791,1060,939,1157,1794,4301,9681
20244,11410585,신촌동,20135,8693,11442,1336,8441,3650,1859,1895,2954,638,3121,1798,896,924,1316,698,5320,1852,963,971,1638,14750
20244,11710647,위례동,44857,21874,22983,12586,4244,6785,9367,5881,5994,6484,2092,3079,4600,2926,2693,6102,2152,3706,4767,2955,3301,14702
20244,11260570,면목7동,21190,10543,10647,2094,2678,3284,2861,3592,6681,1118,1293,1667,1548,1812,3105,976,1385,1617,1313,1780,3576,10540
20244,11320521,도봉1동,20030,9993,10037,1627,2142,2046,2499,3524,8192,827,1105,1098,1372,1771,3820,800,1037,948,1127,1753,4372,10228
20244,11320710,방학3동,26077,12624,13453,4026,2742,2845,3723,4468,8273,2182,1483,1465,1778,2040,3676,1844,1259,1380,1945,2428,4597,9923
20244,11200540,마장동,21556,10610,10946,2385,4066,3159,2625,3419,5902,1203,2027,1646,1335,1661,2738,1182,2039,1513,1290,1758,3164,10844
20244,11200550,사근동,11936,6247,5689,987,4917,1611,1041,1286,2094,475,2713,929,553,622,955,512,2204,682,488,664,1139,8185
20244,11350560,월계1동,20526,10528,9998,2380,3591,2369,2836,3322,6028,1259,2094,1290,1441,1677,2767,1121,1497,1079,1395,1645,3261,9969
20244,11560610,양평1동,18114,8709,9405,2154,2938,4516,2950,2150,3406,1110,1174,2251,1539,1131,1504,1044,1764,2265,1411,1019,1902,9893
20244,11560650,신길3동,15950,7852,8098,2044,1875,2360,2308,2655,4708,1033,936,1204,1220,1335,2124,1011,939,1156,1088,1320,2584,7486
20244,11680630,대치4동,18614,8869,9745,2804,2971,3067,3410,3345,3017,1529,1449,1455,1450,1639,1347,1275,1522,1612,1960,1706,1670,9730
20244,11215850,구의1동,21448,10252,11196,1689,4498,4386,2917,3119,4839,839,2008,2240,1493,1505,2167,850,2490,2146,1424,1614,2672,12519
20244,11545710,시흥5동,18167,9067,9100,1876,2073,2144,2296,3311,6467,956,1075,1184,1215,1710,2927,920,998,960,1081,1601,3540,9143
20244,11440690,망원1동,19151,8899,10252,1831,3093,3611,2937,2888,4791,909,1404,1717,1425,1403,2041,922,1689,1894,1512,1485,2750,10174
20244,11350595,공릉1동,35959,17381,18578,3930,6593,4943,4951,5445,10097,2028,3169,2510,2495,2673,4506,1902,3424,2433,2456,2772,5591,18517
20244,11500641,방화3동,21991,10634,11357,2422,1964,3367,3227,3271,7740,1255,1011,1720,1638,1625,3385,1167,953,1647,1589,1646,4355,11216
20244,11500530,등촌2동,19312,9398,9914,2375,2697,3298,2778,2997,5167,1313,1328,1653,1373,1366,2365,1062,1369,1645,1405,1631,2802,8505
20244,11110600,가회동,3849,1787,2062,459,406,499,633,687,1165,247,188,228,295,331,498,212,218,271,338,356,667,1903
20244,11140645,청구동,12955,6117,6838,1365,1575,2127,1648,2147,4093,687,761,1047,815,1015,1792,678,814,1080,833,1132,2301,6139
20244,11680700,세곡동,45513,21325,24188,8706,5330,7034,8065,6259,10119,4379,2341,3273,3883,3042,4407,4327,2989,3761,4182,3217,5712,19381
20244,11110700,숭인1동,5768,2797,2971,531,721,792,805,1099,1820,267,341,404,420,557,808,264,380,388,385,542,1012,2990
20244,11110550,부암동,9034,4284,4750,1191,1096,1158,1374,1626,2589,629,563,566,611,752,1163,562,533,592,763,874,1426,4096
20244,11110680,창신2동,7511,3880,3631,498,954,881,818,1665,2695,263,498,514,454,861,1290,235,456,367,364,804,1405,3983
20244,11545700,시흥4동,19366,9586,9780,2035,2302,2358,2452,3576,6643,1027,1187,1258,1243,1712,3159,1008,1115,1100,1209,1864,3484,9011
20244,11740515,강일동,44257,21047,23210,8773,4901,5797,7171,6561,11054,4522,2397,2690,3476,3173,4789,4251,2504,3107,3695,3388,6265,17658
20244,11215840,자양3동,27193,12991,14202,4362,3434,3864,4233,4540,6760,2185,1714,1809,1976,2183,3124,2177,1720,2055,2257,2357,3636,10951
20244,11530720,고척1동,26314,13106,13208,3502,3309,5100,3600,4025,6778,1809,1668,2610,1872,1970,3177,1693,1641,2490,1728,2055,3601,11516
20244,11200790,용답동,11809,6118,5691,818,2551,1989,1397,1892,3162,423,1141,1057,793,1122,1582,395,1410,932,604,770,1580,7515
20244,11500603,가양1동,33880,15206,18674,3024,7788,8937,4444,4089,5598,1562,2560,4210,2239,2005,2630,1462,5228,4727,2205,2084,2968,20930
20244,11650581,반포4동,18474,8654,9820,3522,2071,2343,3241,3078,4219,1824,1001,1032,1431,1463,1903,1698,1070,1311,1810,1615,2316,7024
20244,11305603,번2동,14866,7134,7732,1327,1830,1585,1928,2530,5666,704,929,841,1017,1251,2392,623,901,744,911,1279,3274,7425
20244,11140635,약수동,16086,7419,8667,1717,1772,2258,2206,2653,5480,857,847,1092,1072,1215,2336,860,925,1166,1134,1438,3144,7737
20244,11620545,청림동,14726,7103,7623,2130,1620,2373,2293,2285,4025,1097,803,1211,1152,1111,1729,1033,817,1162,1141,1174,2296,6408
20244,11680565,청담동,24535,11449,13086,3849,3131,3696,4401,3973,5485,2074,1435,1595,1986,1847,2512,1775,1696,2101,2415,2126,2973,10790
20244,11740530,명일1동,25279,12363,12916,4369,2720,3749,4145,3901,6395,2302,1410,1845,1996,1890,2920,2067,1310,1904,2149,2011,3475,10027
20244,11710690,잠실4동,21192,10213,10979,4930,1852,2399,4442,3132,4437,2566,916,1000,2108,1542,2081,2364,936,1399,2334,1590,2356,7231
20244,11350710,상계9동,19664,9212,10452,2759,2386,2669,2975,3517,5358,1424,1221,1335,1386,1595,2251,1335,1165,1334,1589,1922,3107,8358
20244,11305608,번3동,16356,7614,8742,1795,1693,1605,2139,2765,6359,903,865,821,1065,1370,2590,892,828,784,1074,1395,3769,7665
20244,11530540,구로3동,23287,12033,11254,2277,4387,4623,3707,3168,5125,1182,2176,2624,2014,1717,2320,1095,2211,1999,1693,1451,2805,13633
20244,11710590,송파2동,18476,8909,9567,2965,2336,2638,2935,2929,4673,1502,1110,1255,1444,1390,2208,1463,1226,1383,1491,1539,2465,7095
20244,11590550,상도3동,23844,11339,12505,2273,4063,3842,3224,3734,6708,1181,1858,1972,1603,1787,2938,1092,2205,1870,1621,1947,3770,12158
20244,11710610,삼전동,29062,13547,15515,2820,4764,6320,4660,4135,6363,1461,2110,3017,2246,1947,2766,1359,2654,3303,2414,2188,3597,16117
20244,11710532,거여2동,23596,11502,12094,3534,2477,3477,3649,3992,6467,1819,1260,1742,1833,1933,2915,1715,1217,1735,1816,2059,3552,10093
20244,11290810,석관동,33768,16684,17084,3630,4580,4600,4597,5650,10711,1912,2202,2398,2389,2833,4950,1718,2378,2202,2208,2817,5761,16597
20244,11290705,종암동,37648,18608,19040,5498,5426,4572,5812,6302,10038,2952,2834,2411,2827,3132,4452,2546,2592,2161,2985,3170,5586,17012
20244,11620655,신원동,17484,8937,8547,1072,4165,3321,2054,2330,4542,516,2106,2018,1100,1213,1984,556,2059,1303,954,1117,2558,11158
20244,11440585,도화동,20443,9697,10746,2696,2579,3498,2876,3292,5502,1398,1207,1717,1414,1534,2427,1298,1372,1781,1462,1758,3075,9219
20244,11260520,면목2동,23580,11697,11883,2277,2917,3417,3211,4445,7313,1165,1417,1781,1707,2245,3382,1112,1500,1636,1504,2200,3931,12221
20244,11590560,상도4동,27609,13396,14213,2921,4191,4518,3888,4345,7746,1541,2011,2349,2004,2068,3423,1380,2180,2169,1884,2277,4323,14048
20244,11590640,사당3동,23686,11429,12257,3299,2990,3605,3634,3482,6676,1684,1400,1713,1846,1680,3106,1615,1590,1892,1788,1802,3570,10442
20244,11620595,청룡동,35627,17102,18525,2496,11517,7376,3799,3839,6600,1205,5126,3882,1956,1952,2981,1291,6391,3494,1843,1887,3619,24083
20244,11290660,길음1동,34792,16426,18366,7906,3417,3683,7214,5810,6762,3941,1638,1646,3327,3045,2829,3965,1779,2037,3887,2765,3933,12458
20244,11290525,성북동,15875,7372,8503,1672,2533,2486,2202,2730,4252,852,1127,1210,1036,1273,1874,820,1406,1276,1166,1457,2378,8108
20244,11440720,성산1동,18543,8632,9911,1968,3017,3275,2964,2958,4361,931,1402,1584,1404,1444,1867,1037,1615,1691,1560,1514,2494,9475
20244,11290555,삼선동,22125,10481,11644,2473,4178,3060,2974,3789,5651,1264,1869,1503,1462,1907,2476,1209,2309,1557,1512,1882,3175,11391
20244,11620775,난곡동,25257,12654,12603,2430,3557,3407,3357,4375,8131,1236,1795,1868,1836,2178,3741,1194,1762,1539,1521,2197,4390,12782
20244,11260610,중화2동,23768,12182,11586,1842,3254,3585,3023,4241,7823,1006,1588,1903,1657,2228,3800,836,1666,1682,1366,2013,4023,13441
20244,11215750,중곡2동,20512,9636,10876,2069,3304,3661,2825,3343,5310,1053,1474,1777,1388,1528,2416,1016,1830,1884,1437,1815,2894,10569
20244,11290620,정릉1동,17732,8501,9231,2848,2228,2325,2923,2859,4549,1470,1082,1135,1429,1389,1996,1378,1146,1190,1494,1470,2553,7342
20244,11530790,수궁동,22707,11115,11592,2938,2615,2913,3392,3789,7060,1550,1379,1474,1705,1794,3213,1388,1236,1439,1687,1995,3847,9939
20244,11560700,대림1동,13711,6805,6906,1441,1798,1785,1826,2344,4517,792,898,972,983,1124,2036,649,900,813,843,1220,2481,6855
20244,11470560,신월1동,19365,9957,9408,1836,2238,2462,2677,3485,6667,951,1132,1379,1480,1803,3212,885,1106,1083,1197,1682,3455,10008
20244,11470540,목4동,24428,11899,12529,3976,3730,2695,3867,4890,5270,2049,1953,1381,1723,2424,2369,1927,1777,1314,2144,2466,2901,9964
20244,11500590,화곡본동,32956,15959,16997,3601,5536,6108,5100,4798,7813,1889,2518,3225,2627,2316,3384,1712,3018,2883,2473,2482,4429,17412
20244,11530595,가리봉동,8713,4797,3916,403,1587,1426,892,1567,2838,222,812,907,517,913,1426,181,775,519,375,654,1412,5988
20244,11320690,방학1동,27745,13722,14023,3234,3491,3050,3788,5097,9085,1657,1718,1592,1916,2548,4291,1577,1773,1458,1872,2549,4794,12911
20244,11530510,신도림동,35977,17321,18656,6560,4183,5844,6488,5387,7515,3327,1918,2724,3130,2651,3571,3233,2265,3120,3358,2736,3944,14249
20244,11215740,중곡1동,15218,7204,8014,1230,2805,3048,1945,2312,3878,632,1127,1502,1038,1125,1780,598,1678,1546,907,1187,2098,8644
20244,11170510,후암동,16020,7744,8276,1795,2223,2747,2311,2626,4318,946,1085,1439,1120,1287,1867,849,1138,1308,1191,1339,2451,8265
20244,11215847,자양4동,19815,9797,10018,1688,3243,3332,2560,3149,5843,842,1547,1748,1331,1625,2704,846,1696,1584,1229,1524,3139,10929
20244,11590651,사당5동,14118,6733,7385,1744,1987,2508,2161,2141,3577,892,903,1242,1096,1027,1573,852,1084,1266,1065,1114,2004,6685
20244,11740640,성내1동,19392,9277,10115,2902,2484,2971,3248,2960,4827,1500,1192,1407,1575,1406,2197,1402,1292,1564,1673,1554,2630,8213
20244,11680545,압구정동,26119,12090,14029,4614,2812,2812,4414,4347,7120,2227,1332,1202,2000,2108,3221,2387,1480,1610,2414,2239,3899,10177
20244,11560670,신길5동,9947,4806,5141,1381,1074,1328,1490,1623,3051,691,523,669,771,795,1357,690,551,659,719,828,1694,4562
20244,11140615,신당동,7385,3600,3785,462,1299,1301,966,1192,2165,208,548,652,511,647,1034,254,751,649,455,545,1131,4680
20244,11170650,이태원1동,6015,3013,3002,440,862,1139,785,893,1896,220,475,651,411,416,840,220,387,488,374,477,1056,3435
20244,11200660,성수1가2동,11932,5820,6112,1337,1762,2314,1721,1844,2954,684,847,1142,830,931,1386,653,915,1172,891,913,1568,5899
20244,11710570,오금동,37341,18034,19307,5202,4669,5043,5341,6555,10531,2719,2407,2481,2576,3006,4845,2483,2262,2562,2765,3549,5686,15582
20244,11530760,개봉3동,19544,9486,10058,2153,2163,2439,2872,3410,6507,1071,1131,1284,1464,1636,2900,1082,1032,1155,1408,1774,3607,8664
20244,11530780,오류2동,37281,17771,19510,6048,4179,4524,5966,5977,10587,3079,2074,2193,2931,2847,4647,2969,2105,2331,3035,3130,5940,15714
20244,11680590,삼성2동,30579,14671,15908,5521,3838,4647,6146,5012,5415,3013,1795,2086,2747,2550,2480,2508,2043,2561,3399,2462,2935,13824
20244,11410655,홍제2동,13186,6166,7020,1523,1559,1871,1680,2414,4139,786,740,927,801,1119,1793,737,819,944,879,1295,2346,5752
20244,11710641,문정1동,19502,9647,9855,2438,2819,3305,2734,3098,5108,1269,1413,1696,1389,1433,2447,1169,1406,1609,1345,1665,2661,8497
20244,11440660,서교동,24037,10999,13038,1635,5914,5368,3403,3103,4614,801,2535,2555,1610,1482,2016,834,3379,2813,1793,1621,2598,15244
20244,11200720,송정동,9719,5095,4624,857,1443,1547,1314,1704,2854,465,712,854,731,911,1422,392,731,693,583,793,1432,5365
20244,11230600,답십리1동,27834,13376,14458,4184,3822,4851,4651,4043,6283,2126,1689,2278,2374,2005,2904,2058,2133,2573,2277,2038,3379,12866
20244,11200645,옥수동,25399,11775,13624,3895,2444,4547,4429,3813,6271,1930,1143,2043,2163,1787,2709,1965,1301,2504,2266,2026,3562,10753
20244,11650660,내곡동,17000,8222,8778,2978,1636,2294,2922,2424,4746,1530,839,1070,1447,1169,2167,1448,797,1224,1475,1255,2579,7047
20244,11530750,개봉2동,29724,14398,15326,3680,3251,3930,4387,4747,9729,1864,1598,1963,2241,2295,4437,1816,1653,1967,2146,2452,5292,12314
20244,11230660,장안2동,32376,16042,16334,5322,3614,4637,5737,5003,8063,2817,1806,2321,2898,2502,3698,2505,1808,2316,2839,2501,4365,14170
20244,11650540,잠원동,26800,12898,13902,5125,3295,3328,4910,4879,5263,2649,1648,1503,2236,2437,2425,2476,1647,1825,2674,2442,2838,10729
20244,11380632,신사2동,18907,9370,9537,2190,2440,2592,2704,3220,5761,1191,1269,1334,1379,1573,2624,999,1171,1258,1325,1647,3137,8700
20244,11710566,오륜동,17799,8725,9074,3619,1925,1601,3036,3015,4603,1962,1032,698,1341,1469,2223,1657,893,903,1695,1546,2380,5896
20244,11350700,상계8동,21848,10388,11460,3644,2362,4739,3591,3102,4410,1839,1172,2348,1737,1452,1840,1805,1190,2391,1854,1650,2570,9129
20244,11320522,도봉2동,25990,12683,13307,2824,2705,3335,3398,4204,9524,1447,1384,1689,1779,2024,4360,1377,1321,1646,1619,2180,5164,11766
20244,11350720,상계10동,18184,8356,9828,2697,2279,2871,2783,3188,4366,1366,1065,1371,1291,1420,1843,1331,1214,1500,1492,1768,2523,7648
20244,11305555,송천동,24748,12287,12461,2087,2986,2909,3147,4586,9033,1058,1508,1572,1654,2327,4168,1029,1478,1337,1493,2259,4865,13030
20244,11410640,홍제3동,17665,8453,9212,2103,2224,2424,2312,3090,5512,1077,1108,1198,1173,1508,2389,1026,1116,1226,1139,1582,3123,7996
20244,11620735,대학동,24237,14808,9429,1459,6378,5009,3401,3295,4695,752,3815,3441,2293,2154,2353,707,2563,1568,1108,1141,2342,17409
20244,11710550,마천2동,17575,8982,8593,1634,2032,1978,2304,3268,6359,835,1135,1114,1238,1651,3009,799,897,864,1066,1617,3350,8507
20244,11710600,석촌동,30682,14536,16146,2809,5023,6745,4605,4370,7130,1419,2187,3287,2285,2098,3260,1390,2836,3458,2320,2272,3870,16996
20244,11650600,방배1동,16479,7678,8801,2228,2161,2666,2736,2463,4225,1150,1028,1218,1238,1139,1905,1078,1133,1448,1498,1324,2320,7461
20244,11620645,서원동,22908,12012,10896,1251,6434,5015,2651,2699,4858,661,3288,3009,1511,1321,2222,590,3146,2006,1140,1378,2636,15098
20244,11620665,서림동,23319,12975,10344,1537,5561,4791,3106,2996,5328,783,3141,3018,1882,1636,2515,754,2420,1773,1224,1360,2813,15153
20244,11260600,중화1동,18698,9211,9487,2064,2332,2956,2591,3007,5748,1042,1146,1536,1390,1439,2658,1022,1186,1420,1201,1568,3090,8901
20244,11680640,역삼1동,34082,16650,17432,2143,6658,9612,6069,4191,5409,1080,2810,4834,3106,2237,2583,1063,3848,4778,2963,1954,2826,23535
20244,11260655,망우본동,36438,17968,18470,4656,4442,6133,5059,5632,10516,2315,2037,3128,2666,2835,4987,2341,2405,3005,2393,2797,5529,18113
20244,11380520,불광1동,37509,17625,19884,4225,4651,5222,5340,6443,11628,2198,2193,2571,2609,3033,5021,2027,2458,2651,2731,3410,6607,17726
20244,11710561,방이1동,15091,7264,7827,2333,2083,2125,2358,2580,3612,1158,1043,1064,1096,1206,1697,1175,1040,1061,1262,1374,1915,6092
20244,11470600,신월5동,13979,6915,7064,1821,1815,1906,2083,2344,4010,958,900,1031,1043,1134,1849,863,915,875,1040,1210,2161,6352
20244,11560710,대림2동,11730,5740,5990,829,1815,1841,1392,1933,3920,414,895,987,743,979,1722,415,920,854,649,954,2198,6886
20244,11680690,개포4동,23151,11149,12002,3687,2869,3580,3762,3942,5311,1824,1445,1725,1797,1880,2478,1863,1424,1855,1965,2062,2833,10010
20244,11215770,중곡4동,27499,13389,14110,2662,3932,4025,3552,5090,8238,1386,1967,2097,1782,2372,3785,1276,1965,1928,1770,2718,4453,13022
20244,11500540,화곡1동,50743,24632,26111,4171,8918,10251,7286,7176,12941,2107,3937,5501,3794,3489,5804,2064,4981,4750,3492,3687,7137,28118
20244,11110515,청운효자동,11328,5174,6154,1676,1401,1510,1884,1911,2946,865,685,676,823,867,1258,811,716,834,1061,1044,1688,5040
20244,11110690,창신3동,6338,3119,3219,706,826,903,799,1177,1927,366,430,457,403,570,893,340,396,446,396,607,1034,2767
20244,11560540,여의동,33346,15644,17702,5267,3636,4891,5320,5307,8925,2653,1669,2225,2487,2546,4064,2614,1967,2666,2833,2761,4861,13895
20244,11530530,구로2동,22380,11215,11165,1783,2819,2668,2758,4223,8129,906,1417,1492,1479,2190,3731,877,1402,1176,1279,2033,4398,12099
20244,11680521,논현1동,20996,9908,11088,1371,3852,5204,3624,2772,4173,675,1714,2576,1695,1366,1882,696,2138,2628,1929,1406,2291,13524
20244,11680730,일원1동,14550,7048,7502,1576,1946,2115,2008,2140,4765,858,954,1080,1058,1028,2070,718,992,1035,950,1112,2695,7432
20244,11500630,방화1동,41828,20397,21431,7374,4497,5808,7134,6376,10639,3681,2218,2826,3561,3204,4907,3693,2279,2982,3573,3172,5732,17118
20244,11200615,금호2?3가동,21946,10443,11503,2829,2463,3779,3570,3530,5775,1450,1223,1831,1765,1676,2498,1379,1240,1948,1805,1854,3277,9888
20244,11140550,명동,2392,988,1404,162,233,286,339,437,935,83,102,141,139,187,336,79,131,145,200,250,599,1191
20244,11470590,신월4동,17445,8478,8967,2650,1940,2047,2818,2796,5194,1353,1035,1017,1420,1316,2337,1297,905,1030,1398,1480,2857,6839
20244,11230545,제기동,22962,11776,11186,1961,4356,2975,2601,3464,7605,1013,2305,1676,1434,1851,3497,948,2051,1299,1167,1613,4108,12981
20244,11380551,갈현1동,14470,7022,7448,1417,2099,2044,1968,2507,4435,780,1002,1088,993,1198,1961,637,1097,956,975,1309,2474,7340
20244,11260550,면목5동,14564,7254,7310,2166,1503,2461,2370,2359,3705,1092,770,1239,1261,1172,1720,1074,733,1222,1109,1187,1985,6400
20244,11620725,조원동,19598,9785,9813,1498,4367,4401,2410,2461,4461,760,1921,2348,1302,1299,2155,738,2446,2053,1108,1162,2306,12203
20244,11500611,발산1동,35643,16815,18828,7192,4277,3772,6448,6052,7902,3577,2108,1789,3013,2922,3406,3615,2169,1983,3435,3130,4496,13557
20244,11140590,광희동,5676,2808,2868,307,1154,1222,673,758,1562,159,454,650,345,416,784,148,700,572,328,342,778,3859
20244,11290600,안암동,14869,7492,7377,1094,5477,2031,1398,1902,2967,576,2817,1147,710,931,1311,518,2660,884,688,971,1656,9778
20244,11320670,쌍문2동,17905,8522,9383,1919,2161,2304,2455,3145,5921,1019,1072,1206,1250,1458,2517,900,1089,1098,1205,1687,3404,8451
20244,11170640,이촌2동,7870,3699,4171,869,833,1272,1131,1294,2471,425,418,640,551,626,1039,444,415,632,580,668,1432,3591
20244,11470610,신월6동,13867,6764,7103,2649,1421,2209,2369,2064,3155,1333,712,1050,1222,997,1450,1316,709,1159,1147,1067,1705,5367
20244,11710642,문정2동,28782,13195,15587,2904,4676,7307,4456,3472,5967,1440,1801,3302,2126,1668,2858,1464,2875,4005,2330,1804,3109,15844
20244,11350580,월계3동,28721,13754,14967,3604,3167,4255,4140,4550,9005,1901,1564,2158,2094,2172,3865,1703,1603,2097,2046,2378,5140,12872
20244,11500604,가양2동,13460,6313,7147,815,1307,2213,1362,1635,6128,434,570,1093,677,784,2755,381,737,1120,685,851,3373,8004
20244,11710680,잠실3동,33805,15960,17845,6578,3530,3519,6057,5459,8662,3272,1716,1492,2781,2674,4025,3306,1814,2027,3276,2785,4637,11814
20244,11410710,북가좌1동,17563,8389,9174,3067,1862,2117,2988,3001,4528,1608,899,980,1408,1495,1999,1459,963,1137,1580,1506,2529,6782
20244,11290770,장위2동,13080,6397,6683,1253,1748,1781,1629,2262,4407,650,854,919,876,1143,1955,603,894,862,753,1119,2452,6575
20244,11230536,용신동,38362,18958,19404,3880,6996,7010,5542,5577,9357,1971,3141,3504,2942,2924,4476,1909,3855,3506,2600,2653,4881,21655
20244,11650530,서초3동,31862,15138,16724,4233,5226,5306,4770,5156,7171,2285,2321,2452,2166,2550,3364,1948,2905,2854,2604,2606,3807,15194
20244,11740610,천호2동,32694,15924,16770,3070,4613,6011,4701,5084,9215,1569,2099,3053,2408,2498,4297,1501,2514,2958,2293,2586,4918,17419
20244,11380510,녹번동,36092,16943,19149,4214,4495,5670,5379,5807,10527,2055,2091,2752,2745,2767,4533,2159,2404,2918,2634,3040,5994,17617
20244,11260660,망우3동,15615,7869,7746,1418,1977,1954,1959,3002,5305,686,992,1066,1044,1503,2578,732,985,888,915,1499,2727,8150
20244,11440630,신수동,22046,10753,11293,3231,3303,3353,3486,3769,4904,1676,1715,1632,1655,1871,2204,1555,1588,1721,1831,1898,2700,9989
20244,11290715,월곡1동,25580,12324,13256,4029,2818,3214,4144,4342,7033,2015,1322,1595,2052,2170,3170,2014,1496,1619,2092,2172,3863,10775
20244,11590680,신대방2동,22684,10857,11827,3307,3677,3873,3490,3231,5106,1680,1686,1885,1710,1580,2316,1627,1991,1988,1780,1651,2790,10901
20244,11290780,장위3동,15519,7611,7908,2784,1948,2233,2635,2529,3390,1405,947,1076,1350,1245,1588,1379,1001,1157,1285,1284,1802,6445
20244,11380690,진관동,54368,25288,29080,10415,6706,6109,9196,9113,12829,5374,2925,2553,4158,4500,5778,5041,3781,3556,5038,4613,7051,21360
20244,11380625,역촌동,43767,20483,23284,4868,5864,5966,6675,7550,12844,2439,2804,2897,3284,3534,5525,2429,3060,3069,3391,4016,7319,20617
20244,11740620,천호3동,25969,12529,13440,2197,4210,5030,3486,3867,7179,1133,1782,2441,1810,1966,3397,1064,2428,2589,1676,1901,3782,14368
20244,11440700,망원2동,17917,8341,9576,2213,2552,2870,2842,2916,4524,1135,1123,1346,1365,1413,1959,1078,1429,1524,1477,1503,2565,8348
20244,11305595,번1동,17358,8652,8706,1339,2827,2519,2518,2901,5254,672,1323,1359,1386,1510,2402,667,1504,1160,1132,1391,2852,10159
20244,11470530,목3동,21206,10060,11146,2379,3090,3786,2997,3368,5586,1265,1485,1845,1444,1519,2502,1114,1605,1941,1553,1849,3084,10074
20244,11530770,오류1동,22559,10732,11827,2051,4022,4550,2980,3031,5925,1022,1640,2288,1531,1516,2735,1029,2382,2262,1449,1515,3190,12645
20244,11740650,성내2동,23452,11433,12019,1873,3921,4390,3062,3447,6759,986,1657,2269,1606,1749,3166,887,2264,2121,1456,1698,3593,13395
20244,11545630,독산3동,23433,11747,11686,1819,3579,3643,2766,4214,7412,910,1751,2030,1501,2044,3511,909,1828,1613,1265,2170,3901,12776
20244,11170560,원효로1동,16956,7874,9082,2035,2849,4187,2648,2178,3059,1053,1083,1956,1293,1079,1410,982,1766,2231,1355,1099,1649,9246
20244,11530560,구로5동,28952,14052,14900,2914,4871,5547,3904,4379,7337,1488,2093,2812,2039,2188,3432,1426,2778,2735,1865,2191,3905,15519
20244,11500593,화곡8동,23468,11313,12155,2351,3535,3798,3576,3586,6622,1204,1690,2003,1867,1684,2865,1147,1845,1795,1709,1902,3757,11692
20244,11410520,천연동,16547,7796,8751,2273,1936,2301,2399,2915,4723,1130,932,1103,1149,1427,2055,1143,1004,1198,1250,1488,2668,7609
20244,11440680,합정동,16310,7512,8798,1356,3011,3574,2448,2205,3716,668,1309,1701,1195,1002,1637,688,1702,1873,1253,1203,2079,9188
20244,11140680,중림동,12142,5940,6202,1646,1368,2109,2066,1828,3125,866,587,958,1102,940,1487,780,781,1151,964,888,1638,5937
20244,11440740,상암동,29662,13937,15725,5608,4228,3533,5087,5046,6160,2865,1834,1629,2369,2534,2706,2743,2394,1904,2718,2512,3454,12700
20244,11740580,암사2동,14825,7158,7667,2123,1760,2621,2306,2266,3749,1094,823,1282,1167,1082,1710,1029,937,1339,1139,1184,2039,6375
20244,11215870,구의3동,27836,13145,14691,3858,4079,4489,4065,4687,6658,1909,1868,2168,1909,2228,3063,1949,2211,2321,2156,2459,3595,12048
20244,11650580,반포3동,23761,11271,12490,5151,2582,2533,4499,4268,4728,2632,1260,1128,1973,2176,2102,2519,1322,1405,2526,2092,2626,8199
20244,11215810,광장동,33964,16438,17526,7792,3846,3310,6841,6054,6121,4000,1911,1494,3076,3054,2903,3792,1935,1816,3765,3000,3218,11851
20244,11680600,대치1동,23878,11957,11921,6872,2275,1337,5333,4121,3940,3792,1172,563,2262,2256,1912,3080,1103,774,3071,1865,2028,7218
20244,11530730,고척2동,25749,12684,13065,3300,3084,3007,3629,4710,8019,1693,1564,1543,1802,2352,3730,1607,1520,1464,1827,2358,4289,11447
20244,11200590,금호1가동,14750,7024,7726,2106,1524,2315,2474,2321,4010,1088,737,1083,1276,1104,1736,1018,787,1232,1198,1217,2274,6503
20244,11410615,연희동,33724,16100,17624,3331,7365,5355,4424,4927,8322,1671,3700,2674,2130,2314,3611,1660,3665,2681,2294,2613,4711,18420
20244,11140570,필동,4012,2085,1927,336,748,697,476,567,1188,176,371,378,257,328,575,160,377,319,219,239,613,2495
20244,11440590,용강동,21098,9951,11147,3985,1997,3386,4218,3157,4355,1980,909,1533,1990,1605,1934,2005,1088,1853,2228,1552,2421,9236
20244,11440555,아현동,28335,13175,15160,4932,3170,5561,4986,4207,5479,2368,1350,2486,2506,2003,2462,2564,1820,3075,2480,2204,3017,11924
20244,11320681,쌍문4동,18061,8536,9525,2733,2180,2113,2651,3212,5172,1440,1107,996,1249,1435,2309,1293,1073,1117,1402,1777,2863,7093
20244,11170530,남영동,6819,4160,2659,353,767,1006,842,1451,2400,194,339,550,513,994,1570,159,428,456,329,457,830,4845
20244,11530800,항동,16335,7906,8429,3938,1379,3015,3308,1830,2865,1988,670,1336,1748,864,1300,1950,709,1679,1560,966,1565,6252
20244,11590650,사당4동,13771,6587,7184,1226,2307,2363,1912,1984,3979,635,1053,1227,986,954,1732,591,1254,1136,926,1030,2247,7233
20244,11110570,무악동,7963,3652,4311,1473,823,813,1301,1434,2119,630,387,379,610,716,930,843,436,434,691,718,1189,3007
20244,11680656,도곡2동,32648,15135,17513,7204,3520,3007,6127,5568,7222,3363,1568,1279,2682,2771,3472,3841,1952,1728,3445,2797,3750,11471
20244,11680750,수서동,14026,6312,7714,1011,1134,1895,1573,1854,6559,494,578,951,798,843,2648,517,556,944,775,1011,3911,7719
20244,11680720,일원본동,22796,11239,11557,5022,2258,2549,4257,3663,5047,2895,1173,1177,1911,1777,2306,2127,1085,1372,2346,1886,2741,7994
20244,11305575,삼각산동,30604,14688,15916,6040,3295,3197,5643,5510,6919,3112,1629,1510,2687,2762,2988,2928,1666,1687,2956,2748,3931,11515
20244,11740540,명일2동,17034,8298,8736,3313,2117,1797,2939,2672,4196,1797,1015,850,1299,1332,2005,1516,1102,947,1640,1340,2191,6424
20244,11170555,청파동,18842,8750,10092,1460,4040,3339,2305,2991,4707,717,1526,1783,1168,1491,2065,743,2514,1556,1137,1500,2642,11116
20244,11560620,양평2동,22288,10893,11395,2856,3622,5349,3276,3043,4142,1460,1610,2673,1636,1565,1949,1396,2012,2676,1640,1478,2193,10913
20244,11410720,북가좌2동,30673,14859,15814,3326,4272,4121,4325,5190,9439,1717,2125,2161,2184,2476,4196,1609,2147,1960,2141,2714,5243,14579
20244,11545640,독산4동,14511,7266,7245,1272,1921,2009,1717,2876,4716,622,974,1076,906,1443,2245,650,947,933,811,1433,2471,7557
20244,11110640,이화동,6891,3277,3614,487,1496,1219,792,1000,1897,254,686,604,402,490,841,233,810,615,390,510,1056,4206
20244,11110615,종로1?2?3?4가동,6658,4029,2629,369,944,974,835,1117,2419,197,456,574,512,761,1529,172,488,400,323,356,890,4883
20244,11560535,영등포동,29839,15326,14513,1900,7604,8392,3528,3320,5095,952,3066,4449,1993,2021,2845,948,4538,3943,1535,1299,2250,21204
20244,11260690,신내2동,19675,9292,10383,2434,2125,2704,2785,3320,6307,1225,1062,1331,1400,1545,2729,1209,1063,1373,1385,1775,3578,8897
20244,11560680,신길6동,19493,9518,9975,2487,2892,3304,2786,2955,5069,1352,1351,1622,1452,1432,2309,1135,1541,1682,1334,1523,2760,9265
20244,11140665,동화동,9941,4786,5155,1332,1138,1278,1416,1801,2976,687,556,634,690,853,1366,645,582,644,726,948,1610,3987
20243,11680730,일원1동,14550,7048,7502,1576,1946,2115,2008,2140,4765,858,954,1080,1058,1028,2070,718,992,1035,950,1112,2695,7432
20243,11500630,방화1동,41828,20397,21431,7374,4497,5808,7134,6376,10639,3681,2218,2826,3561,3204,4907,3693,2279,2982,3573,3172,5732,17118
20243,11200615,금호2?3가동,21946,10443,11503,2829,2463,3779,3570,3530,5775,1450,1223,1831,1765,1676,2498,1379,1240,1948,1805,1854,3277,9888
20243,11140550,명동,2392,988,1404,162,233,286,339,437,935,83,102,141,139,187,336,79,131,145,200,250,599,1191
20243,11470590,신월4동,17445,8478,8967,2650,1940,2047,2818,2796,5194,1353,1035,1017,1420,1316,2337,1297,905,1030,1398,1480,2857,6839
20243,11230545,제기동,22962,11776,11186,1961,4356,2975,2601,3464,7605,1013,2305,1676,1434,1851,3497,948,2051,1299,1167,1613,4108,12981
20243,11380551,갈현1동,14470,7022,7448,1417,2099,2044,1968,2507,4435,780,1002,1088,993,1198,1961,637,1097,956,975,1309,2474,7340
20243,11260550,면목5동,14564,7254,7310,2166,1503,2461,2370,2359,3705,1092,770,1239,1261,1172,1720,1074,733,1222,1109,1187,1985,6400
20243,11620725,조원동,19598,9785,9813,1498,4367,4401,2410,2461,4461,760,1921,2348,1302,1299,2155,738,2446,2053,1108,1162,2306,12203
20243,11500611,발산1동,35643,16815,18828,7192,4277,3772,6448,6052,7902,3577,2108,1789,3013,2922,3406,3615,2169,1983,3435,3130,4496,13557
20243,11140590,광희동,5676,2808,2868,307,1154,1222,673,758,1562,159,454,650,345,416,784,148,700,572,328,342,778,3859
20243,11290600,안암동,14869,7492,7377,1094,5477,2031,1398,1902,2967,576,2817,1147,710,931,1311,518,2660,884,688,971,1656,9778
20243,11320670,쌍문2동,17905,8522,9383,1919,2161,2304,2455,3145,5921,1019,1072,1206,1250,1458,2517,900,1089,1098,1205,1687,3404,8451
20243,11170640,이촌2동,7870,3699,4171,869,833,1272,1131,1294,2471,425,418,640,551,626,1039,444,415,632,580,668,1432,3591
20243,11470610,신월6동,13867,6764,7103,2649,1421,2209,2369,2064,3155,1333,712,1050,1222,997,1450,1316,709,1159,1147,1067,1705,5367
20243,11710642,문정2동,28782,13195,15587,2904,4676,7307,4456,3472,5967,1440,1801,3302,2126,1668,2858,1464,2875,4005,2330,1804,3109,15844
20243,11350580,월계3동,28721,13754,14967,3604,3167,4255,4140,4550,9005,1901,1564,2158,2094,2172,3865,1703,1603,2097,2046,2378,5140,12872
20243,11500604,가양2동,13460,6313,7147,815,1307,2213,1362,1635,6128,434,570,1093,677,784,2755,381,737,1120,685,851,3373,8004
20243,11710680,잠실3동,33805,15960,17845,6578,3530,3519,6057,5459,8662,3272,1716,1492,2781,2674,4025,3306,1814,2027,3276,2785,4637,11814
20243,11410710,북가좌1동,17563,8389,9174,3067,1862,2117,2988,3001,4528,1608,899,980,1408,1495,1999,1459,963,1137,1580,1506,2529,6782
20243,11290770,장위2동,13080,6397,6683,1253,1748,1781,1629,2262,4407,650,854,919,876,1143,1955,603,894,862,753,1119,2452,6575
20243,11230536,용신동,38362,18958,19404,3880,6996,7010,5542,5577,9357,1971,3141,3504,2942,2924,4476,1909,3855,3506,2600,2653,4881,21655
20243,11650530,서초3동,31862,15138,16724,4233,5226,5306,4770,5156,7171,2285,2321,2452,2166,2550,3364,1948,2905,2854,2604,2606,3807,15194
20243,11740610,천호2동,32694,15924,16770,3070,4613,6011,4701,5084,9215,1569,2099,3053,2408,2498,4297,1501,2514,2958,2293,2586,4918,17419
20243,11380510,녹번동,36092,16943,19149,4214,4495,5670,5379,5807,10527,2055,2091,2752,2745,2767,4533,2159,2404,2918,2634,3040,5994,17617
20243,11260660,망우3동,15615,7869,7746,1418,1977,1954,1959,3002,5305,686,992,1066,1044,1503,2578,732,985,888,915,1499,2727,8150
20243,11440630,신수동,22046,10753,11293,3231,3303,3353,3486,3769,4904,1676,1715,1632,1655,1871,2204,1555,1588,1721,1831,1898,2700,9989
20243,11290715,월곡1동,25580,12324,13256,4029,2818,3214,4144,4342,7033,2015,1322,1595,2052,2170,3170,2014,1496,1619,2092,2172,3863,10775
20243,11590680,신대방2동,22684,10857,11827,3307,3677,3873,3490,3231,5106,1680,1686,1885,1710,1580,2316,1627,1991,1988,1780,1651,2790,10901
20243,11290780,장위3동,15519,7611,7908,2784,1948,2233,2635,2529,3390,1405,947,1076,1350,1245,1588,1379,1001,1157,1285,1284,1802,6445
20243,11380690,진관동,54368,25288,29080,10415,6706,6109,9196,9113,12829,5374,2925,2553,4158,4500,5778,5041,3781,3556,5038,4613,7051,21360
20243,11380625,역촌동,43767,20483,23284,4868,5864,5966,6675,7550,12844,2439,2804,2897,3284,3534,5525,2429,3060,3069,3391,4016,7319,20617
20243,11740620,천호3동,25969,12529,13440,2197,4210,5030,3486,3867,7179,1133,1782,2441,1810,1966,3397,1064,2428,2589,1676,1901,3782,14368
20243,11440700,망원2동,17917,8341,9576,2213,2552,2870,2842,2916,4524,1135,1123,1346,1365,1413,1959,1078,1429,1524,1477,1503,2565,8348
20243,11305595,번1동,17358,8652,8706,1339,2827,2519,2518,2901,5254,672,1323,1359,1386,1510,2402,667,1504,1160,1132,1391,2852,10159
20243,11470530,목3동,21206,10060,11146,2379,3090,3786,2997,3368,5586,1265,1485,1845,1444,1519,2502,1114,1605,1941,1553,1849,3084,10074
20243,11530770,오류1동,22559,10732,11827,2051,4022,4550,2980,3031,5925,1022,1640,2288,1531,1516,2735,1029,2382,2262,1449,1515,3190,12645
20243,11740650,성내2동,23452,11433,12019,1873,3921,4390,3062,3447,6759,986,1657,2269,1606,1749,3166,887,2264,2121,1456,1698,3593,13395
20243,11545630,독산3동,23433,11747,11686,1819,3579,3643,2766,4214,7412,910,1751,2030,1501,2044,3511,909,1828,1613,1265,2170,3901,12776
20243,11170560,원효로1동,16956,7874,9082,2035,2849,4187,2648,2178,3059,1053,1083,1956,1293,1079,1410,982,1766,2231,1355,1099,1649,9246
20243,11530560,구로5동,28952,14052,14900,2914,4871,5547,3904,4379,7337,1488,2093,2812,2039,2188,3432,1426,2778,2735,1865,2191,3905,15519
20243,11500593,화곡8동,23468,11313,12155,2351,3535,3798,3576,3586,6622,1204,1690,2003,1867,1684,2865,1147,1845,1795,1709,1902,3757,11692
20243,11170555,청파동,18842,8750,10092,1460,4040,3339,2305,2991,4707,717,1526,1783,1168,1491,2065,743,2514,1556,1137,1500,2642,11116
20243,11560620,양평2동,22288,10893,11395,2856,3622,5349,3276,3043,4142,1460,1610,2673,1636,1565,1949,1396,2012,2676,1640,1478,2193,10913
20243,11410720,북가좌2동,30673,14859,15814,3326,4272,4121,4325,5190,9439,1717,2125,2161,2184,2476,4196,1609,2147,1960,2141,2714,5243,14579
20243,11545640,독산4동,14511,7266,7245,1272,1921,2009,1717,2876,4716,622,974,1076,906,1443,2245,650,947,933,811,1433,2471,7557
20243,11110640,이화동,6891,3277,3614,487,1496,1219,792,1000,1897,254,686,604,402,490,841,233,810,615,390,510,1056,4206
20243,11110615,종로1?2?3?4가동,6658,4029,2629,369,944,974,835,1117,2419,197,456,574,512,761,1529,172,488,400,323,356,890,4883
20243,11560535,영등포동,29839,15326,14513,1900,7604,8392,3528,3320,5095,952,3066,4449,1993,2021,2845,948,4538,3943,1535,1299,2250,21204
20243,11260690,신내2동,19675,9292,10383,2434,2125,2704,2785,3320,6307,1225,1062,1331,1400,1545,2729,1209,1063,1373,1385,1775,3578,8897
20243,11560680,신길6동,19493,9518,9975,2487,2892,3304,2786,2955,5069,1352,1351,1622,1452,1432,2309,1135,1541,1682,1334,1523,2760,9265
20243,11140665,동화동,9941,4786,5155,1332,1138,1278,1416,1801,2976,687,556,634,690,853,1366,645,582,644,726,948,1610,3987
20243,11410520,천연동,16547,7796,8751,2273,1936,2301,2399,2915,4723,1130,932,1103,1149,1427,2055,1143,1004,1198,1250,1488,2668,7609
20243,11440680,합정동,16310,7512,8798,1356,3011,3574,2448,2205,3716,668,1309,1701,1195,1002,1637,688,1702,1873,1253,1203,2079,9188
20243,11140680,중림동,12142,5940,6202,1646,1368,2109,2066,1828,3125,866,587,958,1102,940,1487,780,781,1151,964,888,1638,5937
20243,11440740,상암동,29662,13937,15725,5608,4228,3533,5087,5046,6160,2865,1834,1629,2369,2534,2706,2743,2394,1904,2718,2512,3454,12700
20243,11740580,암사2동,14825,7158,7667,2123,1760,2621,2306,2266,3749,1094,823,1282,1167,1082,1710,1029,937,1339,1139,1184,2039,6375
20243,11215870,구의3동,27836,13145,14691,3858,4079,4489,4065,4687,6658,1909,1868,2168,1909,2228,3063,1949,2211,2321,2156,2459,3595,12048
20243,11650580,반포3동,23761,11271,12490,5151,2582,2533,4499,4268,4728,2632,1260,1128,1973,2176,2102,2519,1322,1405,2526,2092,2626,8199
20243,11215810,광장동,33964,16438,17526,7792,3846,3310,6841,6054,6121,4000,1911,1494,3076,3054,2903,3792,1935,1816,3765,3000,3218,11851
20243,11680600,대치1동,23878,11957,11921,6872,2275,1337,5333,4121,3940,3792,1172,563,2262,2256,1912,3080,1103,774,3071,1865,2028,7218
20243,11530730,고척2동,25749,12684,13065,3300,3084,3007,3629,4710,8019,1693,1564,1543,1802,2352,3730,1607,1520,1464,1827,2358,4289,11447
20243,11200590,금호1가동,14750,7024,7726,2106,1524,2315,2474,2321,4010,1088,737,1083,1276,1104,1736,1018,787,1232,1198,1217,2274,6503
20243,11410615,연희동,33724,16100,17624,3331,7365,5355,4424,4927,8322,1671,3700,2674,2130,2314,3611,1660,3665,2681,2294,2613,4711,18420
20243,11140570,필동,4012,2085,1927,336,748,697,476,567,1188,176,371,378,257,328,575,160,377,319,219,239,613,2495
20243,11440590,용강동,21098,9951,11147,3985,1997,3386,4218,3157,4355,1980,909,1533,1990,1605,1934,2005,1088,1853,2228,1552,2421,9236
20243,11440555,아현동,28335,13175,15160,4932,3170,5561,4986,4207,5479,2368,1350,2486,2506,2003,2462,2564,1820,3075,2480,2204,3017,11924
20243,11320681,쌍문4동,18061,8536,9525,2733,2180,2113,2651,3212,5172,1440,1107,996,1249,1435,2309,1293,1073,1117,1402,1777,2863,7093
20243,11170530,남영동,6819,4160,2659,353,767,1006,842,1451,2400,194,339,550,513,994,1570,159,428,456,329,457,830,4845
20243,11530800,항동,16335,7906,8429,3938,1379,3015,3308,1830,2865,1988,670,1336,1748,864,1300,1950,709,1679,1560,966,1565,6252
20243,11590650,사당4동,13771,6587,7184,1226,2307,2363,1912,1984,3979,635,1053,1227,986,954,1732,591,1254,1136,926,1030,2247,7233
20243,11110570,무악동,7963,3652,4311,1473,823,813,1301,1434,2119,630,387,379,610,716,930,843,436,434,691,718,1189,3007
20243,11680656,도곡2동,32648,15135,17513,7204,3520,3007,6127,5568,7222,3363,1568,1279,2682,2771,3472,3841,1952,1728,3445,2797,3750,11471
20243,11680750,수서동,14026,6312,7714,1011,1134,1895,1573,1854,6559,494,578,951,798,843,2648,517,556,944,775,1011,3911,7719
20243,11680720,일원본동,22796,11239,11557,5022,2258,2549,4257,3663,5047,2895,1173,1177,1911,1777,2306,2127,1085,1372,2346,1886,2741,7994
20243,11305575,삼각산동,30604,14688,15916,6040,3295,3197,5643,5510,6919,3112,1629,1510,2687,2762,2988,2928,1666,1687,2956,2748,3931,11515
20243,11740540,명일2동,17034,8298,8736,3313,2117,1797,2939,2672,4196,1797,1015,850,1299,1332,2005,1516,1102,947,1640,1340,2191,6424
20243,11650651,양재1동,41970,19916,22054,7162,4669,5981,7018,6403,10737,3612,2305,2898,3364,3050,4687,3550,2364,3083,3654,3353,6050,17799
20243,11440730,성산2동,38537,17159,21378,4756,6487,6726,5575,5968,9025,2416,2439,3011,2635,2891,3767,2340,4048,3715,2940,3077,5258,19332
20243,11305534,삼양동,22402,11147,11255,2574,2809,2595,3062,4170,7192,1354,1477,1373,1585,2071,3287,1220,1332,1222,1477,2099,3905,10805
20243,11380570,대조동,27359,12627,14732,2350,5092,4895,3556,4097,7369,1168,2033,2437,1772,1972,3245,1182,3059,2458,1784,2125,4124,15341
20243,11620605,은천동,32359,15843,16516,4077,5082,5050,4730,4764,8656,2107,2408,2642,2396,2413,3877,1970,2674,2408,2334,2351,4779,16051
20243,11290685,길음2동,21666,10347,11319,4065,2507,2856,3847,3714,4677,2097,1180,1335,1818,1835,2082,1968,1327,1521,2029,1879,2595,8617
20243,11440655,서강동,24556,11694,12862,3262,4707,4051,3790,3723,5023,1689,2198,1925,1859,1775,2248,1573,2509,2126,1931,1948,2775,12147
20243,11290610,보문동,16145,7748,8397,1933,2644,2807,2275,2686,3800,957,1228,1404,1166,1307,1686,976,1416,1403,1109,1379,2114,8126
20243,11380530,불광2동,26600,12782,13818,2240,3809,3761,3318,4614,8858,1149,1840,1946,1713,2193,3941,1091,1969,1815,1605,2421,4917,13965
20243,11215780,능동,11053,5063,5990,919,2217,2459,1604,1443,2411,462,958,1120,771,687,1065,457,1259,1339,833,756,1346,6456
20243,11320680,쌍문3동,16449,7872,8577,1590,2375,2361,2240,2788,5095,791,1114,1214,1151,1332,2270,799,1261,1147,1089,1456,2825,8192
20243,11470520,목2동,28816,13924,14892,3551,4299,5100,4253,4698,6915,1877,2069,2568,2067,2174,3169,1674,2230,2532,2186,2524,3746,13299
20243,11215820,자양1동,21795,10556,11239,2105,3873,3812,3127,3377,5501,1095,1879,1986,1530,1654,2412,1010,1994,1826,1597,1723,3089,11960
20243,11350670,상계5동,22979,11152,11827,2533,2909,2567,2991,4369,7610,1298,1503,1383,1484,2114,3370,1235,1406,1184,1507,2255,4240,10900
20243,11560660,신길4동,10315,5096,5219,1110,1231,1489,1375,1756,3354,579,630,796,714,871,1506,531,601,693,661,885,1848,5081
20243,11470580,신월3동,14261,7502,6759,1565,1685,1854,1910,2539,4708,840,892,1002,1044,1408,2316,725,793,852,866,1131,2392,7693
20243,11740560,고덕2동,22684,11427,11257,4754,2039,3425,4400,3203,4863,2520,1039,1636,2261,1594,2377,2234,1000,1789,2139,1609,2486,8924
20243,11260580,상봉1동,23195,11266,11929,3239,2914,3373,3269,3951,6449,1690,1420,1675,1676,1851,2954,1549,1494,1698,1593,2100,3495,10132
20243,11500591,화곡6동,24357,11645,12712,2370,4127,4399,3369,3688,6404,1244,1810,2169,1757,1755,2910,1126,2317,2230,1612,1933,3494,12808
20243,11500550,화곡2동,17041,8180,8861,2091,2333,2600,2758,2777,4482,1053,1136,1390,1368,1307,1926,1038,1197,1210,1390,1470,2556,8150
20243,11170520,용산2가동,8866,4311,4555,691,1307,1624,1227,1243,2774,361,663,845,659,590,1193,330,644,779,568,653,1581,5007
20243,11500615,우장산동,43709,20877,22832,8547,5208,5251,8190,7110,9403,4204,2384,2553,3812,3546,4378,4343,2824,2698,4378,3564,5025,16799
20243,11140605,을지로동,3208,1742,1466,211,512,956,454,370,705,98,203,536,249,225,431,113,309,420,205,145,274,2292
20243,11260620,묵1동,33661,16051,17610,4651,4688,4558,5110,5530,9124,2354,2163,2237,2504,2664,4129,2297,2525,2321,2606,2866,4995,14934
20243,11740590,암사3동,17136,8416,8720,3437,1763,2030,3124,2594,4188,1811,890,943,1520,1275,1977,1626,873,1087,1604,1319,2211,6078
20243,11740520,상일동,39307,19334,19973,9332,3437,5097,8026,5494,7921,4772,1726,2319,3983,2720,3814,4560,1711,2778,4043,2774,4107,13601
20243,11590510,노량진1동,32005,16255,15750,3388,5723,5768,4068,4572,8486,1747,3044,3276,2172,2296,3720,1641,2679,2492,1896,2276,4766,16917
20243,11560550,당산1동,20951,10105,10846,1865,3681,4911,2670,2884,4940,947,1533,2518,1369,1468,2270,918,2148,2393,1301,1416,2670,11632
20243,11470550,목5동,40702,20159,20543,10213,3947,3450,8541,6786,7765,5574,2006,1555,3792,3495,3737,4639,1941,1895,4749,3291,4028,13447
20243,11320514,창4동,26168,12513,13655,3711,3414,3341,3902,4742,7058,1907,1656,1653,1858,2204,3235,1804,1758,1688,2044,2538,3823,10984
20243,11110710,숭인2동,9499,4638,4861,483,2234,1740,1013,1536,2493,227,859,890,547,835,1280,256,1375,850,466,701,1213,6369
20243,11110530,사직동,8992,3989,5003,1122,1044,1412,1407,1477,2530,510,440,632,611,680,1116,612,604,780,796,797,1414,4532
20243,11170570,원효로2동,13626,6396,7230,1710,1909,2315,1973,2222,3497,776,842,1138,987,1083,1570,934,1067,1177,986,1139,1927,6245
20243,11545670,시흥1동,32115,15959,16156,3415,4325,4825,4376,5529,9645,1800,2136,2539,2286,2771,4427,1615,2189,2286,2090,2758,5218,16342
20243,11470570,신월2동,20779,10130,10649,2995,2437,2722,3270,3235,6120,1500,1246,1358,1669,1584,2773,1495,1191,1364,1601,1651,3347,8702
20243,11350600,공릉2동,41435,20163,21272,7053,6862,5438,6599,6387,9096,3643,3362,2693,3179,3130,4156,3410,3500,2745,3420,3257,4940,17741
20243,11170660,이태원2동,8657,4044,4613,767,1192,1695,1293,1247,2463,370,605,850,634,568,1017,397,587,845,659,679,1446,4845
20243,11710646,장지동,28473,13711,14762,4331,3521,4383,4387,4637,7214,2192,1799,2173,2194,2141,3212,2139,1722,2210,2193,2496,4002,12055
20243,11650570,반포2동,23322,11070,12252,5945,2189,2186,4645,3835,4522,2970,1043,901,2069,2012,2075,2975,1146,1285,2576,1823,2447,7603
20243,11350570,월계2동,25485,12230,13255,3245,2758,2828,3747,4300,8607,1680,1420,1408,1897,2107,3718,1565,1338,1420,1850,2193,4889,11694
20243,11620765,미성동,29526,14465,15061,3333,4339,4111,4090,4825,8828,1680,2109,2204,2088,2337,4047,1653,2230,1907,2002,2488,4781,14233
20243,11380650,수색동,20440,9936,10504,3213,2561,3587,2992,3554,4533,1616,1289,1750,1521,1717,2043,1597,1272,1837,1471,1837,2490,8249
20243,11350625,중계2?3동,32502,14828,17674,4195,3658,3820,4805,5565,10459,2088,1801,1884,2319,2622,4114,2107,1857,1936,2486,2943,6345,14980
20243,11110580,교남동,9715,4456,5259,1530,1142,1407,1697,1622,2317,741,521,639,785,789,981,789,621,768,912,833,1336,4341
20243,11350612,하계2동,21306,10129,11177,3682,2596,2462,3461,3825,5280,1905,1356,1168,1602,1825,2273,1777,1240,1294,1859,2000,3007,8207
20243,11350621,중계1동,26318,12840,13478,6900,2811,1858,5725,4881,4143,3691,1467,829,2470,2516,1867,3209,1344,1029,3255,2365,2276,8923
20243,11230610,답십리2동,27467,13247,14220,3293,3181,4231,3775,4588,8399,1605,1584,2158,1912,2237,3751,1688,1597,2073,1863,2351,4648,12454
20243,11710520,풍납2동,23552,11093,12459,3408,3330,3689,3709,3552,5864,1727,1415,1735,1817,1709,2690,1681,1915,1954,1892,1843,3174,10513
20243,11260590,상봉2동,20258,9631,10627,1387,4154,4749,2415,2869,4684,702,1649,2314,1283,1453,2230,685,2505,2435,1132,1416,2454,12531
20243,11650590,방배본동,20401,9406,10995,3930,2442,2230,3630,3553,4616,1855,1101,998,1601,1740,2111,2075,1341,1232,2029,1813,2505,7917
20243,11230710,회기동,10313,4883,5430,996,3406,1479,1160,1219,2053,494,1536,797,565,630,861,502,1870,682,595,589,1192,6575
20243,11320700,방학2동,18535,9360,9175,1901,2134,1972,2338,3524,6666,986,1159,1103,1212,1791,3109,915,975,869,1126,1733,3557,9126
20243,11260565,면목본동,32648,16095,16553,2811,4744,5276,4441,5854,9522,1442,2267,2771,2364,2912,4339,1369,2477,2505,2077,2942,5183,17709
20243,11650510,서초1동,20154,9749,10405,2980,2660,3273,3563,3167,4511,1582,1323,1544,1633,1558,2109,1398,1337,1729,1930,1609,2402,9392
20243,11710632,가락2동,31181,15186,15995,5254,4005,4610,5066,5110,7136,2728,1978,2264,2444,2461,3311,2526,2027,2346,2622,2649,3825,12362
20243,11680531,논현2동,20369,9434,10935,2079,3161,4071,3605,3040,4413,1050,1386,1859,1712,1436,1991,1029,1775,2212,1893,1604,2422,11204
20243,11650610,방배2동,18010,8404,9606,2442,2281,2679,2744,2828,5036,1218,1131,1237,1272,1301,2245,1224,1150,1442,1472,1527,2791,7831
20243,11305645,우이동,19766,9445,10321,2065,2304,2383,2607,3519,6888,1050,1073,1244,1355,1697,3026,1015,1231,1139,1252,1822,3862,9518
20243,11290760,장위1동,23354,11327,12027,3194,3016,3150,3511,4103,6380,1585,1488,1621,1808,1948,2877,1609,1528,1529,1703,2155,3503,10588
20243,11230730,휘경2동,24158,12015,12143,2811,5838,3023,3127,3560,5799,1391,3026,1613,1582,1781,2622,1420,2812,1410,1545,1779,3177,12643
20243,11350619,중계본동,23040,11163,11877,5334,2899,1645,4258,4637,4267,2719,1456,803,1845,2324,2016,2615,1443,842,2413,2313,2251,8133
20243,11380580,응암1동,32659,15258,17401,4871,4200,5235,5463,5059,7831,2500,1812,2497,2671,2457,3321,2371,2388,2738,2792,2602,4510,15086
20243,11305625,수유2동,20502,9717,10785,2064,2590,2319,2733,3547,7249,1076,1186,1245,1410,1682,3118,988,1404,1074,1323,1865,4131,9767
20243,11320512,창2동,28172,13658,14514,3392,3737,3782,4103,4947,8211,1737,1841,1919,2095,2330,3736,1655,1896,1863,2008,2617,4475,12509
20243,11305535,미아동,20841,9966,10875,1702,3520,2708,2628,3535,6748,904,1477,1474,1342,1747,3022,798,2043,1234,1286,1788,3726,11645
20243,11230720,휘경1동,13580,6428,7152,1420,3601,2055,1613,1886,3005,698,1505,1093,827,907,1398,722,2096,962,786,979,1607,7552
20243,11410700,남가좌2동,29083,14033,15050,4681,4083,4081,4720,4487,7031,2367,1986,1979,2379,2203,3119,2314,2097,2102,2341,2284,3912,13349
20243,11140670,황학동,12685,5986,6699,1103,2172,2968,1817,1685,2940,562,881,1456,926,818,1343,541,1291,1512,891,867,1597,7419
20243,11560585,도림동,17562,8900,8662,1605,2542,3250,2425,2902,4838,834,1234,1723,1293,1533,2283,771,1308,1527,1132,1369,2555,9621
20243,11215730,군자동,19048,9394,9654,1577,4259,3440,2476,2640,4656,826,2050,1785,1249,1328,2156,751,2209,1655,1227,1312,2500,11293
20243,11545510,가산동,24622,13262,11360,1183,6982,6580,2804,2716,4357,593,3140,3964,1719,1598,2248,590,3842,2616,1085,1118,2109,18077
20243,11380631,신사1동,26462,12698,13764,2997,3592,3776,3864,4436,7797,1530,1796,1915,1930,2094,3433,1467,1796,1861,1934,2342,4364,12059
20243,11215710,화양동,24821,11760,13061,1242,10467,4995,2328,2294,3495,569,4475,2584,1249,1238,1645,673,5992,2411,1079,1056,1850,18696
20243,11470650,신정4동,31687,15407,16280,3158,4945,4794,4564,5229,8997,1622,2327,2520,2311,2538,4089,1536,2618,2274,2253,2691,4908,16216
20243,11170685,한남동,17711,8532,9179,2037,2037,3193,2924,2831,4689,1059,1018,1548,1469,1337,2101,978,1019,1645,1455,1494,2588,9323
20243,11110650,혜화동,15833,7605,8228,1689,4273,2038,1904,2304,3625,833,2111,1077,919,1094,1571,856,2162,961,985,1210,2054,9092
20243,11320513,창3동,13163,6549,6614,1407,1487,1503,1893,2437,4436,758,776,813,984,1209,2009,649,711,690,909,1228,2427,6402
20243,11410555,북아현동,15401,7379,8022,2242,1925,2786,2525,2474,3449,1157,851,1325,1302,1197,1547,1085,1074,1461,1223,1277,1902,7031
20243,11470630,신정2동,18773,9207,9566,3948,2123,1564,3465,3405,4268,2034,1087,737,1561,1781,2007,1914,1036,827,1904,1624,2261,6828
20243,11200650,성수1가1동,15394,7652,7742,1722,2196,2841,2013,2745,3877,901,1102,1424,1008,1329,1888,821,1094,1417,1005,1416,1989,7434
20243,11320660,쌍문1동,20484,9807,10677,2281,2632,2371,2743,3678,6779,1143,1198,1234,1400,1792,3040,1138,1434,1137,1343,1886,3739,9257
20243,11740685,길동,44395,21594,22801,4611,6297,7127,6419,7099,12842,2411,2946,3637,3290,3428,5882,2200,3351,3490,3129,3671,6960,21799
20243,11545690,시흥3동,10153,5020,5133,1022,1164,1276,1264,1831,3596,519,599,691,659,888,1664,503,565,585,605,943,1932,4581
20243,11320511,창1동,23774,11340,12434,3055,2927,3114,3534,4185,6959,1565,1436,1615,1721,1965,3038,1490,1491,1499,1813,2220,3921,10766
20243,11290725,월곡2동,18900,8965,9935,2131,3483,2565,2489,2953,5279,1111,1367,1337,1250,1491,2409,1020,2116,1228,1239,1462,2870,9649
20243,11215760,중곡3동,15681,7737,7944,1436,2305,2714,2050,2676,4500,741,1106,1417,1078,1317,2078,695,1199,1297,972,1359,2422,8495
20243,11710510,풍납1동,11750,5769,5981,1225,1267,1627,1584,1988,4059,678,652,855,801,967,1816,547,615,772,783,1021,2243,5572
20243,11440610,염리동,16719,7963,8756,2922,2412,2746,3054,2505,3080,1465,1091,1321,1477,1269,1340,1457,1321,1425,1577,1236,1740,7762
20243,11200670,성수2가1동,14544,7539,7005,1301,1837,2399,1889,2557,4561,659,949,1295,1018,1355,2263,642,888,1104,871,1202,2298,7587
20243,11500560,화곡3동,21093,10044,11049,2563,2979,3092,3065,3165,6229,1353,1342,1515,1497,1486,2851,1210,1637,1577,1568,1679,3378,9685
20243,11680510,신사동,15436,7204,8232,2348,1899,2022,2506,2568,4093,1199,878,914,1115,1255,1843,1149,1021,1108,1391,1313,2250,6717
20243,11170590,용문동,11380,5423,5957,1264,1613,1939,1576,1846,3142,631,762,981,793,893,1363,633,851,958,783,953,1779,5307
20243,11590670,신대방1동,23282,11152,12130,3513,3325,3095,3612,3868,5869,1727,1572,1552,1714,1915,2672,1786,1753,1543,1898,1953,3197,10423
20243,11740570,암사1동,33825,16775,17050,4027,4289,4876,5160,5816,9657,2023,2232,2550,2678,2857,4435,2004,2057,2326,2482,2959,5222,16155
20243,11200560,행당1동,13629,6526,7103,1824,2164,2212,2056,2161,3212,898,995,1102,1011,1023,1497,926,1169,1110,1045,1138,1715,6397
20243,11200620,금호4가동,14142,6694,7448,2116,1311,2308,2621,2123,3663,1098,661,1063,1289,1045,1538,1018,650,1245,1332,1078,2125,6398
20243,11680655,도곡1동,20005,9502,10503,3672,2411,2742,3513,3246,4421,1738,1167,1256,1631,1620,2090,1934,1244,1486,1882,1626,2331,8034
20243,11110670,창신1동,4523,2397,2126,280,522,621,501,840,1759,149,271,355,273,441,908,131,251,266,228,399,851,2628
20243,11710670,잠실2동,34909,16705,18204,9113,3341,3220,8042,5660,5533,4653,1533,1304,3688,3000,2527,4460,1808,1916,4354,2660,3006,11542
20243,11740660,성내3동,22433,10963,11470,2471,3268,3311,3357,3800,6226,1392,1667,1703,1625,1817,2759,1079,1601,1608,1732,1983,3467,10645
20243,11650620,방배3동,15757,7500,8257,2670,1800,1874,2500,2602,4311,1335,894,849,1141,1243,2038,1335,906,1025,1359,1359,2273,5855
20243,11545680,시흥2동,20564,9831,10733,3156,2108,2230,2999,3655,6416,1549,1075,1111,1432,1737,2927,1607,1033,1119,1567,1918,3489,8238
20243,11350695,상계6?7동,31400,14467,16933,4531,4011,4657,4833,5511,7857,2328,1908,2248,2223,2475,3285,2203,2103,2409,2610,3036,4572,13887
20243,11680740,일원2동,16833,8153,8680,2624,1629,2392,2921,2447,4820,1590,869,1165,1377,1194,1958,1034,760,1227,1544,1253,2862,7377
20243,11680660,개포1동,6765,3265,3500,1151,649,638,1068,1017,2242,559,319,289,499,510,1089,592,330,349,569,507,1153,2547
20243,11305615,수유1동,19842,9710,10132,1918,2797,2644,2591,3325,6567,967,1300,1448,1389,1649,2957,951,1497,1196,1202,1676,3610,10418
20243,11410565,충현동,19682,9454,10228,2309,3004,3356,2797,3158,5058,1143,1369,1646,1413,1560,2323,1166,1635,1710,1384,1598,2735,10070
20243,11590620,사당1동,22415,10798,11617,1388,5074,4744,2832,2807,5570,740,2283,2484,1498,1312,2481,648,2791,2260,1334,1495,3089,13773
20243,11680650,역삼2동,36348,16944,19404,7981,4370,4509,8338,5910,5240,3733,1871,2047,3684,3231,2378,4248,2499,2462,4654,2679,2862,15611
20243,11740700,둔촌2동,24228,11861,12367,3360,3110,3688,3495,3911,6664,1764,1532,1874,1752,1868,3071,1596,1578,1814,1743,2043,3593,10426
20243,11350665,상계3?4동,27489,13675,13814,3585,3100,2909,3876,4953,9066,1887,1634,1567,1965,2469,4153,1698,1466,1342,1911,2484,4913,12412
20243,11305545,송중동,28576,13737,14839,3126,3770,3735,4089,4933,8923,1540,1822,1902,2089,2365,4019,1586,1948,1833,2000,2568,4904,13802
20243,11260680,신내1동,37757,18186,19571,6092,4249,4537,5613,6197,11069,3123,2172,2232,2746,2917,4996,2969,2077,2305,2867,3280,6073,14887
20243,11590530,상도1동,44464,21556,22908,5282,10237,5927,5858,6511,10649,2652,5321,2989,2814,3092,4688,2630,4916,2938,3044,3419,5961,22704
20243,11590520,노량진2동,10181,5312,4869,556,1990,1838,1163,1466,3168,274,1025,1095,672,786,1460,282,965,743,491,680,1708,6725
20243,11620630,남현동,17668,8549,9119,1419,3785,3659,2115,2398,4292,719,1752,1971,1069,1113,1925,700,2033,1688,1046,1285,2367,9874
20243,11710620,가락본동,25171,12461,12710,2965,3485,4476,3545,4192,6508,1512,1737,2282,1800,1984,3146,1453,1748,2194,1745,2208,3362,11567
20243,11230560,전농1동,32107,15979,16128,4034,4839,4460,4730,5311,8733,2037,2340,2296,2466,2739,4101,1997,2499,2164,2264,2572,4632,16020
20243,11650531,서초4동,30281,14804,15477,6584,3448,3064,5826,5248,6111,3449,1710,1331,2710,2676,2928,3135,1738,1733,3116,2572,3183,10706
20243,11680670,개포2동,41708,20173,21535,8783,4683,6170,7516,6679,7877,4470,2293,2841,3485,3295,3789,4313,2390,3329,4031,3384,4088,14821
20243,11290630,정릉2동,22510,10838,11672,2837,3023,2989,3163,3828,6670,1473,1502,1484,1602,1836,2941,1364,1521,1505,1561,1992,3729,9902
20243,11230740,이문1동,17724,8739,8985,1705,5173,2026,1959,2472,4389,861,2456,1156,1006,1278,1982,844,2717,870,953,1194,2407,10654
20243,11620585,낙성대동,17211,8618,8593,1292,5749,3833,1853,1665,2819,641,2714,2115,999,881,1268,651,3035,1718,854,784,1551,11903
20243,11710531,거여1동,12011,6013,5998,1339,1588,1640,1595,2163,3686,704,811,863,812,1096,1727,635,777,777,783,1067,1959,5558
20243,11710650,잠실본동,27731,13208,14523,2445,4952,6226,4164,3970,5974,1245,2180,3103,2048,1922,2710,1200,2772,3123,2116,2048,3264,16073
20243,11680580,삼성1동,12134,5938,6196,1774,1553,1712,1917,2050,3128,949,838,826,882,984,1459,825,715,886,1035,1066,1669,5230
20243,11680610,대치2동,38212,19396,18816,8922,4008,3306,7349,6670,7957,5235,2160,1541,3164,3430,3866,3687,1848,1765,4185,3240,4091,13293
20243,11530550,구로4동,18646,8980,9666,1480,2506,2746,2349,3122,6443,763,1189,1412,1235,1543,2838,717,1317,1334,1114,1579,3605,10345
20243,11350624,중계4동,19114,9151,9963,2800,2288,1812,2878,3591,5745,1472,1192,916,1357,1778,2436,1328,1096,896,1521,1813,3309,8209
20243,11350640,상계2동,19105,9426,9679,2261,2910,2133,2514,3737,5550,1105,1496,1122,1253,1834,2616,1156,1414,1011,1261,1903,2934,8558
20243,11215860,구의2동,25468,12150,13318,3443,3280,3587,3950,4410,6798,1753,1577,1763,1923,2085,3049,1690,1703,1824,2027,2325,3749,11380
20243,11470611,신월7동,18588,9029,9559,1852,2130,2501,2418,3218,6469,961,1092,1338,1272,1561,2805,891,1038,1163,1146,1657,3664,8930
20243,11500520,등촌1동,24933,11521,13412,2379,4735,6640,3456,3071,4652,1282,1883,3074,1772,1444,2066,1097,2852,3566,1684,1627,2586,14262
20243,11110540,삼청동,2247,1075,1172,248,238,283,316,351,811,133,121,131,153,171,366,115,117,152,163,180,445,1120
20243,11380560,구산동,31429,15279,16150,3813,4234,3793,4530,5645,9414,1895,1984,1896,2313,2740,4451,1918,2250,1897,2217,2905,4963,13477
20243,11140650,신당5동,10151,4914,5237,966,1494,1791,1397,1757,2746,462,664,898,727,910,1253,504,830,893,670,847,1493,5385
20243,11215830,자양2동,23591,11450,12141,2882,3208,3682,3540,3903,6376,1468,1588,1859,1734,1849,2952,1414,1620,1823,1806,2054,3424,10890
20243,11740550,고덕1동,23932,12182,11750,6073,1949,2426,5297,3431,4756,3392,1057,1132,2557,1813,2231,2681,892,1294,2740,1618,2525,8155
20243,11470620,신정1동,19716,9582,10134,4413,2061,1765,3859,3370,4248,2279,1053,814,1774,1702,1960,2134,1008,951,2085,1668,2288,6958
20243,11290650,정릉4동,24009,11457,12552,3160,3050,2863,3583,4243,7110,1633,1504,1431,1747,2059,3083,1527,1546,1432,1836,2184,4027,10737
20243,11140520,소공동,2178,1027,1151,289,218,442,514,320,395,130,79,205,250,170,193,159,139,237,264,150,202,1231
20243,11440565,공덕동,36426,16993,19433,4002,5749,6487,4980,6129,9079,2074,2349,3100,2501,2951,4018,1928,3400,3387,2479,3178,5061,18559
20243,11560720,대림3동,21488,10727,10761,2133,2698,3121,2678,3864,6994,1068,1431,1681,1388,1889,3270,1065,1267,1440,1290,1975,3724,10303
20243,11260540,면목4동,18121,9021,9100,1938,2212,2460,2636,3198,5677,1015,1143,1274,1399,1637,2553,923,1069,1186,1237,1561,3124,8928
20243,11410690,남가좌1동,16699,7994,8705,3810,1559,2235,3430,2364,3301,1914,728,970,1742,1171,1469,1896,831,1265,1688,1193,1832,6161
20243,11110630,종로5?6가동,5376,2824,2552,359,1180,886,571,855,1525,161,546,493,322,494,808,198,634,393,249,361,717,3576
20243,11200520,왕십리2동,15974,7663,8311,2097,2174,2781,2315,2596,4011,1065,1012,1354,1158,1260,1814,1032,1162,1427,1157,1336,2197,7303
20243,11140580,장충동,4549,2371,2178,389,1271,663,499,578,1149,201,707,374,262,303,524,188,564,289,237,275,625,2833
20243,11710631,가락1동,27469,13286,14183,5719,2571,4733,4925,3631,5890,2940,1266,2134,2441,1684,2821,2779,1305,2599,2484,1947,3069,9799
20243,11200580,응봉동,14940,7088,7852,2460,1666,2031,2607,2508,3668,1275,779,973,1230,1227,1604,1185,887,1058,1377,1281,2064,5949
20243,11470670,신정6동,23959,11598,12361,5302,2631,2449,4474,4245,4858,2727,1336,1137,1998,2058,2342,2575,1295,1312,2476,2187,2516,8185
20243,11650520,서초2동,24636,11631,13005,4292,3376,4799,4571,3206,4392,2197,1428,2184,2145,1610,2067,2095,1948,2615,2426,1596,2325,11340
20243,11560690,신길7동,19779,9835,9944,3668,2416,3282,3383,2949,4081,1923,1236,1634,1715,1402,1925,1745,1180,1648,1668,1547,2156,7880
20243,11710710,잠실6동,16514,7825,8689,2948,1768,1981,2777,2606,4434,1498,849,896,1280,1210,2092,1450,919,1085,1497,1396,2342,5834
20243,11305660,인수동,29069,14019,15050,3074,3468,3443,3874,4989,10221,1558,1693,1814,2007,2413,4534,1516,1775,1629,1867,2576,5687,14159
20243,11290580,돈암1동,14260,6652,7608,1740,1842,1866,1829,2593,4390,863,839,920,884,1225,1921,877,1003,946,945,1368,2469,6052
20243,11650560,반포1동,33740,16468,17272,6962,3952,5028,7041,4810,5947,3526,1859,2391,3421,2586,2685,3436,2093,2637,3620,2224,3262,14637
20243,11620525,보라매동,23092,11443,11649,2135,4351,4053,2939,3266,6348,1108,2104,2267,1535,1611,2818,1027,2247,1786,1404,1655,3530,12670
20243,11620575,행운동,28758,13926,14832,2079,7607,5942,3444,3392,6294,1032,3393,3181,1793,1694,2833,1047,4214,2761,1651,1698,3461,18159
20243,11620625,인헌동,25385,12283,13102,2133,5807,4960,3141,3495,5849,1113,2693,2564,1628,1664,2621,1020,3114,2396,1513,1831,3228,14772
20243,11620615,중앙동,15126,7305,7821,856,4374,3231,1662,1659,3344,428,1901,1723,885,843,1525,428,2473,1508,777,816,1819,10136
20243,11290640,정릉3동,14934,7431,7503,1346,3370,1799,1548,2287,4584,727,1866,1016,789,1107,1926,619,1504,783,759,1180,2658,8201
20243,11350611,하계1동,26128,12492,13636,3719,4532,2631,3348,4814,7084,2010,2414,1350,1483,2327,2908,1709,2118,1281,1865,2487,4176,12129
20243,11380552,갈현2동,27415,12947,14468,3291,3884,3568,4064,4876,7732,1668,1830,1798,1990,2289,3372,1623,2054,1770,2074,2587,4360,12523
20243,11380600,응암3동,23429,11287,12142,1971,3287,3255,3038,3863,8015,1007,1608,1710,1566,1944,3452,964,1679,1545,1472,1919,4563,12504
20243,11650652,양재2동,21157,10608,10549,2407,3148,4068,3407,3370,4757,1287,1596,2135,1731,1659,2200,1120,1552,1933,1676,1711,2557,10943
20243,11710562,방이2동,26094,11878,14216,2020,5130,6448,3632,3345,5519,1095,1992,2941,1815,1528,2507,925,3138,3507,1817,1817,3012,15656
20243,11620695,신림동,22622,12090,10532,681,8720,6189,2449,1806,2777,339,4196,3697,1470,1065,1323,342,4524,2492,979,741,1454,18724
20243,11620565,성현동,28222,13577,14645,4164,3618,3398,4450,4782,7810,2139,1817,1711,2188,2379,3343,2025,1801,1687,2262,2403,4467,12187
20243,11410685,홍은2동,28505,13661,14844,3665,4137,3981,4039,4803,7880,1842,2036,2064,1977,2303,3439,1823,2101,1917,2062,2500,4441,13166
20243,11740600,천호1동,25942,12735,13207,2644,3280,3850,3678,4341,8149,1336,1635,2042,1904,2121,3697,1308,1645,1808,1774,2220,4452,12929
20243,11200535,왕십리도선동,26181,12283,13898,3603,4013,4411,3895,4311,5948,1870,1726,1993,1935,2031,2728,1733,2287,2418,1960,2280,3220,12111
20243,11560515,영등포본동,20784,10610,10174,2250,2779,3244,2796,3528,6187,1146,1447,1720,1487,1811,2999,1104,1332,1524,1309,1717,3188,10407
20243,11290575,동선동,14977,6196,8781,1236,4651,2419,1762,1909,3000,530,1380,1182,862,929,1313,706,3271,1237,900,980,1687,9625
20243,11560605,문래동,32022,15577,16445,5830,3503,5493,5961,4494,6741,3011,1666,2607,2973,2241,3079,2819,1837,2886,2988,2253,3662,13095
20243,11500620,공항동,29436,14868,14568,5076,3657,4857,5192,4101,6553,2565,1882,2527,2788,2080,3026,2511,1775,2330,2404,2021,3527,13691
20243,11500510,염창동,41250,19807,21443,7769,5314,7231,7299,6159,7478,3977,2438,3285,3558,3052,3497,3792,2876,3946,3741,3107,3981,16592
20243,11560630,신길1동,19314,9780,9534,1597,3601,3596,2448,2904,5168,795,1732,2004,1361,1525,2363,802,1869,1592,1087,1379,2805,11605
20243,11380640,증산동,18240,8840,9400,2403,2357,2626,2570,3089,5195,1238,1129,1287,1288,1522,2376,1165,1228,1339,1282,1567,2819,7933
20243,11530740,개봉1동,33122,16420,16702,4134,3960,5015,4572,5483,9958,2116,2009,2567,2341,2714,4673,2018,1951,2448,2231,2769,5285,14958
20243,11545620,독산2동,17737,8915,8822,1694,2337,2512,2178,3358,5658,895,1171,1380,1144,1658,2667,799,1166,1132,1034,1700,2991,9282
20243,11350630,상계1동,36834,17688,19146,4724,4544,4401,5069,6715,11381,2412,2270,2211,2455,3143,5197,2312,2274,2190,2614,3572,6184,15534
20243,11500570,화곡4동,19720,9668,10052,2041,2499,2933,3042,3276,5929,1090,1274,1541,1580,1568,2615,951,1225,1392,1462,1708,3314,9641
20243,11200690,성수2가3동,10021,4999,5022,940,1628,1835,1322,1581,2715,499,769,880,688,811,1352,441,859,955,634,770,1363,5211
20243,11170700,보광동,11134,5572,5562,801,1494,1758,1493,2011,3577,465,846,1015,771,992,1483,336,648,743,722,1019,2094,6270
20243,11170690,서빙고동,12443,5999,6444,2037,1557,1436,2157,2147,3109,1026,794,705,1045,1016,1413,1011,763,731,1112,1131,1696,5097
20243,11170625,한강로동,20977,9895,11082,2206,3206,4813,2844,3197,4711,1136,1360,2240,1369,1507,2283,1070,1846,2573,1475,1690,2428,11229
20243,11230705,청량리동,18688,9202,9486,1546,2215,2135,2155,3063,7574,790,1110,1148,1138,1553,3463,756,1105,987,1017,1510,4111,10043
20243,11170580,효창동,10665,5044,5621,1426,1614,1969,1591,1728,2337,728,741,958,778,798,1041,698,873,1011,813,930,1296,4718
20243,11710580,송파1동,23353,10821,12532,2098,4019,5392,3349,3167,5328,1026,1767,2648,1564,1387,2429,1072,2252,2744,1785,1780,2899,12486
20243,11470510,목1동,30276,14544,15732,7467,2982,2754,6476,5153,5444,3731,1465,1184,2933,2662,2569,3736,1517,1570,3543,2491,2875,10349
20243,11470680,신정7동,28275,13546,14729,4859,2968,2931,4625,4979,7913,2510,1529,1444,2189,2445,3429,2349,1439,1487,2436,2534,4484,11507
20243,11620715,난향동,14726,7199,7527,2213,1623,1548,2518,2694,4130,1114,843,759,1245,1391,1847,1099,780,789,1273,1303,2283,6175
20243,11560560,당산2동,36667,17117,19550,4697,6732,8189,5239,4671,7139,2397,2651,3855,2603,2248,3363,2300,4081,4334,2636,2423,3776,18864
20243,11140540,회현동,4380,2304,2076,365,418,528,531,793,1745,186,209,260,285,427,937,179,209,268,246,366,808,2491
20243,11500640,방화2동,22596,11171,11425,2247,3015,3725,3014,3425,7170,1196,1443,1977,1576,1789,3190,1051,1572,1748,1438,1636,3980,12052
20243,11440600,대흥동,14719,7124,7595,1471,3656,2555,2017,2108,2912,764,1618,1311,1011,1077,1343,707,2038,1244,1006,1031,1569,8823
20243,11410620,홍제1동,24704,11553,13151,3208,3100,3607,3586,4205,6998,1566,1502,1708,1740,1984,3053,1642,1598,1899,1846,2221,3945,11038
20243,11545610,독산1동,45720,23242,22478,5294,7802,10015,6606,6356,9647,2682,3606,5435,3661,3232,4626,2612,4196,4580,2945,3124,5021,24569
20243,11110560,평창동,17366,8092,9274,2533,1997,2057,2484,3156,5139,1281,993,972,1124,1415,2307,1252,1004,1085,1360,1741,2832,7124
20243,11230750,이문2동,19385,9319,10066,2578,2642,2322,2758,3345,5740,1331,1188,1157,1404,1648,2591,1247,1454,1165,1354,1697,3149,8656
20243,11710540,마천1동,17982,9215,8767,2021,1988,1982,2356,3374,6261,1062,1028,1095,1248,1782,3000,959,960,887,1108,1592,3261,8567
20243,11380590,응암2동,27329,13188,14141,5321,2477,4191,5549,3913,5878,2764,1222,1924,2764,1945,2569,2557,1255,2267,2785,1968,3309,11014
20243,11500535,등촌3동,29390,13848,15542,3050,3235,4582,3612,4479,10432,1562,1614,2308,1779,2022,4563,1488,1621,2274,1833,2457,5869,15092
20243,11140625,다산동,13221,6412,6809,1114,2079,2167,1719,2138,4004,600,986,1118,888,1047,1773,514,1093,1049,831,1091,2231,6767
20243,11470640,신정3동,49523,23946,25577,8452,6003,5992,7797,8974,12305,4327,3061,2973,3729,4325,5531,4125,2942,3019,4068,4649,6774,19703
20243,11200570,행당2동,22851,10656,12195,3436,2579,3426,3583,3971,5856,1612,1198,1631,1718,1915,2582,1824,1381,1795,1865,2056,3274,9226
20243,11530520,구로1동,20519,10005,10514,3469,2418,3563,3529,3000,4540,1796,1149,1785,1744,1449,2082,1673,1269,1778,1785,1551,2458,8356
20243,11590540,상도2동,27084,12936,14148,4095,3942,4326,4416,4034,6271,2124,1819,2060,2193,1933,2807,1971,2123,2266,2223,2101,3464,12299
20243,11650621,방배4동,22754,10319,12435,3880,2825,3126,4033,3755,5135,1781,1248,1407,1758,1803,2322,2099,1577,1719,2275,1952,2813,9556
20243,11290590,돈암2동,23417,11070,12347,4248,2683,2749,3857,4362,5518,2135,1337,1297,1772,2082,2447,2113,1346,1452,2085,2280,3071,8521
20243,11170630,이촌1동,24933,11719,13214,4809,2548,2939,4157,4378,6102,2482,1260,1288,1898,2066,2725,2327,1288,1651,2259,2312,3377,9125
20243,11740690,둔촌1동,16,10,6,2,0,1,5,1,7,2,0,1,2,0,5,0,0,0,3,1,2,11
20243,11320515,창5동,23884,11392,12492,2882,3199,3393,3183,4238,6989,1480,1555,1690,1530,1944,3193,1402,1644,1703,1653,2294,3796,10262
20243,11500605,가양3동,14189,6504,7685,1059,1248,2945,1794,1889,5254,537,564,1429,938,914,2122,522,684,1516,856,975,3132,7735
20243,11650550,반포본동,117,49,68,17,21,6,22,21,30,7,8,3,8,9,14,10,13,3,14,12,16,44
20243,11305635,수유3동,22988,11301,11687,1593,4229,3326,2913,3923,7004,802,1938,1813,1586,1992,3170,791,2291,1513,1327,1931,3834,13528
20243,11230570,전농2동,17954,8555,9399,2542,2005,2090,2664,3152,5501,1275,968,1069,1309,1513,2421,1267,1037,1021,1355,1639,3080,7541
20243,11410660,홍은1동,22158,10677,11481,2755,2645,2973,3146,3932,6707,1378,1319,1494,1595,1908,2983,1377,1326,1479,1551,2024,3724,9694
20243,11590660,대방동,35620,16775,18845,5172,6087,4944,5581,5718,8118,2530,2762,2441,2637,2851,3554,2642,3325,2503,2944,2867,4564,16664
20243,11590630,사당2동,27151,13012,14139,3253,3366,4288,3936,4344,7964,1763,1625,2088,1945,2078,3513,1490,1741,2200,1991,2266,4451,12176
20243,11260575,면목3?8동,24375,12017,12358,2142,3312,3569,3169,4356,7827,1079,1649,1881,1701,2150,3557,1063,1663,1688,1468,2206,4270,12782
20243,11440710,연남동,14202,6690,7512,1131,2880,2925,2106,1935,3225,567,1312,1448,1055,911,1397,564,1568,1477,1051,1024,1828,8339
20243,11590605,흑석동,29907,14490,15417,4507,4506,4057,4648,4932,7257,2291,2283,1959,2335,2359,3263,2216,2223,2098,2313,2573,3994,12930
20243,11620685,신사동,21969,11050,10919,1437,5696,4113,2543,2980,5200,774,2700,2341,1343,1481,2411,663,2996,1772,1200,1499,2789,14144
20243,11230650,장안1동,37191,18358,18833,4598,4828,5838,6095,5762,10070,2356,2242,3033,3148,2889,4690,2242,2586,2805,2947,2873,5380,18136
20243,11620745,삼성동,19970,9928,10042,1726,2177,2180,2482,3630,7775,935,1117,1241,1325,1836,3474,791,1060,939,1157,1794,4301,9681
20243,11410585,신촌동,20135,8693,11442,1336,8441,3650,1859,1895,2954,638,3121,1798,896,924,1316,698,5320,1852,963,971,1638,14750
20243,11710647,위례동,44857,21874,22983,12586,4244,6785,9367,5881,5994,6484,2092,3079,4600,2926,2693,6102,2152,3706,4767,2955,3301,14702
20243,11260570,면목7동,21190,10543,10647,2094,2678,3284,2861,3592,6681,1118,1293,1667,1548,1812,3105,976,1385,1617,1313,1780,3576,10540
20243,11320521,도봉1동,20030,9993,10037,1627,2142,2046,2499,3524,8192,827,1105,1098,1372,1771,3820,800,1037,948,1127,1753,4372,10228
20243,11320710,방학3동,26077,12624,13453,4026,2742,2845,3723,4468,8273,2182,1483,1465,1778,2040,3676,1844,1259,1380,1945,2428,4597,9923
20243,11200540,마장동,21556,10610,10946,2385,4066,3159,2625,3419,5902,1203,2027,1646,1335,1661,2738,1182,2039,1513,1290,1758,3164,10844
20243,11200550,사근동,11936,6247,5689,987,4917,1611,1041,1286,2094,475,2713,929,553,622,955,512,2204,682,488,664,1139,8185
20243,11350560,월계1동,20526,10528,9998,2380,3591,2369,2836,3322,6028,1259,2094,1290,1441,1677,2767,1121,1497,1079,1395,1645,3261,9969
20243,11560610,양평1동,18114,8709,9405,2154,2938,4516,2950,2150,3406,1110,1174,2251,1539,1131,1504,1044,1764,2265,1411,1019,1902,9893
20243,11560650,신길3동,15950,7852,8098,2044,1875,2360,2308,2655,4708,1033,936,1204,1220,1335,2124,1011,939,1156,1088,1320,2584,7486
20243,11680630,대치4동,18614,8869,9745,2804,2971,3067,3410,3345,3017,1529,1449,1455,1450,1639,1347,1275,1522,1612,1960,1706,1670,9730
20243,11215850,구의1동,21448,10252,11196,1689,4498,4386,2917,3119,4839,839,2008,2240,1493,1505,2167,850,2490,2146,1424,1614,2672,12519
20243,11545710,시흥5동,18167,9067,9100,1876,2073,2144,2296,3311,6467,956,1075,1184,1215,1710,2927,920,998,960,1081,1601,3540,9143
20243,11440690,망원1동,19151,8899,10252,1831,3093,3611,2937,2888,4791,909,1404,1717,1425,1403,2041,922,1689,1894,1512,1485,2750,10174
20243,11350595,공릉1동,35959,17381,18578,3930,6593,4943,4951,5445,10097,2028,3169,2510,2495,2673,4506,1902,3424,2433,2456,2772,5591,18517
20243,11500641,방화3동,21991,10634,11357,2422,1964,3367,3227,3271,7740,1255,1011,1720,1638,1625,3385,1167,953,1647,1589,1646,4355,11216
20243,11500530,등촌2동,19312,9398,9914,2375,2697,3298,2778,2997,5167,1313,1328,1653,1373,1366,2365,1062,1369,1645,1405,1631,2802,8505
20243,11110600,가회동,3849,1787,2062,459,406,499,633,687,1165,247,188,228,295,331,498,212,218,271,338,356,667,1903
20243,11260630,묵2동,18004,8791,9213,1811,2385,2649,2549,3090,5520,933,1160,1356,1307,1520,2515,878,1225,1293,1242,1570,3005,9142
20243,11140645,청구동,12955,6117,6838,1365,1575,2127,1648,2147,4093,687,761,1047,815,1015,1792,678,814,1080,833,1132,2301,6139
20243,11680700,세곡동,45513,21325,24188,8706,5330,7034,8065,6259,10119,4379,2341,3273,3883,3042,4407,4327,2989,3761,4182,3217,5712,19381
20243,11110700,숭인1동,5768,2797,2971,531,721,792,805,1099,1820,267,341,404,420,557,808,264,380,388,385,542,1012,2990
20243,11110550,부암동,9034,4284,4750,1191,1096,1158,1374,1626,2589,629,563,566,611,752,1163,562,533,592,763,874,1426,4096
20243,11110680,창신2동,7511,3880,3631,498,954,881,818,1665,2695,263,498,514,454,861,1290,235,456,367,364,804,1405,3983
20243,11545700,시흥4동,19366,9586,9780,2035,2302,2358,2452,3576,6643,1027,1187,1258,1243,1712,3159,1008,1115,1100,1209,1864,3484,9011
20243,11740515,강일동,44257,21047,23210,8773,4901,5797,7171,6561,11054,4522,2397,2690,3476,3173,4789,4251,2504,3107,3695,3388,6265,17658
20243,11215840,자양3동,27193,12991,14202,4362,3434,3864,4233,4540,6760,2185,1714,1809,1976,2183,3124,2177,1720,2055,2257,2357,3636,10951
20243,11530720,고척1동,26314,13106,13208,3502,3309,5100,3600,4025,6778,1809,1668,2610,1872,1970,3177,1693,1641,2490,1728,2055,3601,11516
20243,11200790,용답동,11809,6118,5691,818,2551,1989,1397,1892,3162,423,1141,1057,793,1122,1582,395,1410,932,604,770,1580,7515
20243,11500603,가양1동,33880,15206,18674,3024,7788,8937,4444,4089,5598,1562,2560,4210,2239,2005,2630,1462,5228,4727,2205,2084,2968,20930
20243,11650581,반포4동,18474,8654,9820,3522,2071,2343,3241,3078,4219,1824,1001,1032,1431,1463,1903,1698,1070,1311,1810,1615,2316,7024
20243,11305603,번2동,14866,7134,7732,1327,1830,1585,1928,2530,5666,704,929,841,1017,1251,2392,623,901,744,911,1279,3274,7425
20243,11140635,약수동,16086,7419,8667,1717,1772,2258,2206,2653,5480,857,847,1092,1072,1215,2336,860,925,1166,1134,1438,3144,7737
20243,11620545,청림동,14726,7103,7623,2130,1620,2373,2293,2285,4025,1097,803,1211,1152,1111,1729,1033,817,1162,1141,1174,2296,6408
20243,11680565,청담동,24535,11449,13086,3849,3131,3696,4401,3973,5485,2074,1435,1595,1986,1847,2512,1775,1696,2101,2415,2126,2973,10790
20243,11740530,명일1동,25279,12363,12916,4369,2720,3749,4145,3901,6395,2302,1410,1845,1996,1890,2920,2067,1310,1904,2149,2011,3475,10027
20243,11710690,잠실4동,21192,10213,10979,4930,1852,2399,4442,3132,4437,2566,916,1000,2108,1542,2081,2364,936,1399,2334,1590,2356,7231
20243,11350710,상계9동,19664,9212,10452,2759,2386,2669,2975,3517,5358,1424,1221,1335,1386,1595,2251,1335,1165,1334,1589,1922,3107,8358
20243,11305608,번3동,16356,7614,8742,1795,1693,1605,2139,2765,6359,903,865,821,1065,1370,2590,892,828,784,1074,1395,3769,7665
20243,11530540,구로3동,23287,12033,11254,2277,4387,4623,3707,3168,5125,1182,2176,2624,2014,1717,2320,1095,2211,1999,1693,1451,2805,13633
20243,11710590,송파2동,18476,8909,9567,2965,2336,2638,2935,2929,4673,1502,1110,1255,1444,1390,2208,1463,1226,1383,1491,1539,2465,7095
20243,11590550,상도3동,23844,11339,12505,2273,4063,3842,3224,3734,6708,1181,1858,1972,1603,1787,2938,1092,2205,1870,1621,1947,3770,12158
20243,11710610,삼전동,29062,13547,15515,2820,4764,6320,4660,4135,6363,1461,2110,3017,2246,1947,2766,1359,2654,3303,2414,2188,3597,16117
20243,11710532,거여2동,23596,11502,12094,3534,2477,3477,3649,3992,6467,1819,1260,1742,1833,1933,2915,1715,1217,1735,1816,2059,3552,10093
20243,11290810,석관동,33768,16684,17084,3630,4580,4600,4597,5650,10711,1912,2202,2398,2389,2833,4950,1718,2378,2202,2208,2817,5761,16597
20243,11290705,종암동,37648,18608,19040,5498,5426,4572,5812,6302,10038,2952,2834,2411,2827,3132,4452,2546,2592,2161,2985,3170,5586,17012
20243,11620655,신원동,17484,8937,8547,1072,4165,3321,2054,2330,4542,516,2106,2018,1100,1213,1984,556,2059,1303,954,1117,2558,11158
20243,11440585,도화동,20443,9697,10746,2696,2579,3498,2876,3292,5502,1398,1207,1717,1414,1534,2427,1298,1372,1781,1462,1758,3075,9219
20243,11260520,면목2동,23580,11697,11883,2277,2917,3417,3211,4445,7313,1165,1417,1781,1707,2245,3382,1112,1500,1636,1504,2200,3931,12221
20243,11590560,상도4동,27609,13396,14213,2921,4191,4518,3888,4345,7746,1541,2011,2349,2004,2068,3423,1380,2180,2169,1884,2277,4323,14048
20243,11590640,사당3동,23686,11429,12257,3299,2990,3605,3634,3482,6676,1684,1400,1713,1846,1680,3106,1615,1590,1892,1788,1802,3570,10442
20243,11620595,청룡동,35627,17102,18525,2496,11517,7376,3799,3839,6600,1205,5126,3882,1956,1952,2981,1291,6391,3494,1843,1887,3619,24083
20243,11290660,길음1동,34792,16426,18366,7906,3417,3683,7214,5810,6762,3941,1638,1646,3327,3045,2829,3965,1779,2037,3887,2765,3933,12458
20243,11290525,성북동,15875,7372,8503,1672,2533,2486,2202,2730,4252,852,1127,1210,1036,1273,1874,820,1406,1276,1166,1457,2378,8108
20243,11440720,성산1동,18543,8632,9911,1968,3017,3275,2964,2958,4361,931,1402,1584,1404,1444,1867,1037,1615,1691,1560,1514,2494,9475
20243,11290555,삼선동,22125,10481,11644,2473,4178,3060,2974,3789,5651,1264,1869,1503,1462,1907,2476,1209,2309,1557,1512,1882,3175,11391
20243,11620775,난곡동,25257,12654,12603,2430,3557,3407,3357,4375,8131,1236,1795,1868,1836,2178,3741,1194,1762,1539,1521,2197,4390,12782
20243,11260610,중화2동,23768,12182,11586,1842,3254,3585,3023,4241,7823,1006,1588,1903,1657,2228,3800,836,1666,1682,1366,2013,4023,13441
20243,11215750,중곡2동,20512,9636,10876,2069,3304,3661,2825,3343,5310,1053,1474,1777,1388,1528,2416,1016,1830,1884,1437,1815,2894,10569
20243,11290620,정릉1동,17732,8501,9231,2848,2228,2325,2923,2859,4549,1470,1082,1135,1429,1389,1996,1378,1146,1190,1494,1470,2553,7342
20243,11530790,수궁동,22707,11115,11592,2938,2615,2913,3392,3789,7060,1550,1379,1474,1705,1794,3213,1388,1236,1439,1687,1995,3847,9939
20243,11560700,대림1동,13711,6805,6906,1441,1798,1785,1826,2344,4517,792,898,972,983,1124,2036,649,900,813,843,1220,2481,6855
20243,11470560,신월1동,19365,9957,9408,1836,2238,2462,2677,3485,6667,951,1132,1379,1480,1803,3212,885,1106,1083,1197,1682,3455,10008
20243,11470540,목4동,24428,11899,12529,3976,3730,2695,3867,4890,5270,2049,1953,1381,1723,2424,2369,1927,1777,1314,2144,2466,2901,9964
20243,11500590,화곡본동,32956,15959,16997,3601,5536,6108,5100,4798,7813,1889,2518,3225,2627,2316,3384,1712,3018,2883,2473,2482,4429,17412
20243,11530595,가리봉동,8713,4797,3916,403,1587,1426,892,1567,2838,222,812,907,517,913,1426,181,775,519,375,654,1412,5988
20243,11320690,방학1동,27745,13722,14023,3234,3491,3050,3788,5097,9085,1657,1718,1592,1916,2548,4291,1577,1773,1458,1872,2549,4794,12911
20243,11530510,신도림동,35977,17321,18656,6560,4183,5844,6488,5387,7515,3327,1918,2724,3130,2651,3571,3233,2265,3120,3358,2736,3944,14249
20243,11215740,중곡1동,15218,7204,8014,1230,2805,3048,1945,2312,3878,632,1127,1502,1038,1125,1780,598,1678,1546,907,1187,2098,8644
20243,11170510,후암동,16020,7744,8276,1795,2223,2747,2311,2626,4318,946,1085,1439,1120,1287,1867,849,1138,1308,1191,1339,2451,8265
20243,11215847,자양4동,19815,9797,10018,1688,3243,3332,2560,3149,5843,842,1547,1748,1331,1625,2704,846,1696,1584,1229,1524,3139,10929
20243,11590651,사당5동,14118,6733,7385,1744,1987,2508,2161,2141,3577,892,903,1242,1096,1027,1573,852,1084,1266,1065,1114,2004,6685
20243,11740640,성내1동,19392,9277,10115,2902,2484,2971,3248,2960,4827,1500,1192,1407,1575,1406,2197,1402,1292,1564,1673,1554,2630,8213
20243,11680545,압구정동,26119,12090,14029,4614,2812,2812,4414,4347,7120,2227,1332,1202,2000,2108,3221,2387,1480,1610,2414,2239,3899,10177
20243,11560670,신길5동,9947,4806,5141,1381,1074,1328,1490,1623,3051,691,523,669,771,795,1357,690,551,659,719,828,1694,4562
20243,11140615,신당동,7385,3600,3785,462,1299,1301,966,1192,2165,208,548,652,511,647,1034,254,751,649,455,545,1131,4680
20243,11170650,이태원1동,6015,3013,3002,440,862,1139,785,893,1896,220,475,651,411,416,840,220,387,488,374,477,1056,3435
20243,11200660,성수1가2동,11932,5820,6112,1337,1762,2314,1721,1844,2954,684,847,1142,830,931,1386,653,915,1172,891,913,1568,5899
20243,11710570,오금동,37341,18034,19307,5202,4669,5043,5341,6555,10531,2719,2407,2481,2576,3006,4845,2483,2262,2562,2765,3549,5686,15582
20243,11530760,개봉3동,19544,9486,10058,2153,2163,2439,2872,3410,6507,1071,1131,1284,1464,1636,2900,1082,1032,1155,1408,1774,3607,8664
20243,11530780,오류2동,37281,17771,19510,6048,4179,4524,5966,5977,10587,3079,2074,2193,2931,2847,4647,2969,2105,2331,3035,3130,5940,15714
20243,11680590,삼성2동,30579,14671,15908,5521,3838,4647,6146,5012,5415,3013,1795,2086,2747,2550,2480,2508,2043,2561,3399,2462,2935,13824
20243,11410655,홍제2동,13186,6166,7020,1523,1559,1871,1680,2414,4139,786,740,927,801,1119,1793,737,819,944,879,1295,2346,5752
20243,11710641,문정1동,19502,9647,9855,2438,2819,3305,2734,3098,5108,1269,1413,1696,1389,1433,2447,1169,1406,1609,1345,1665,2661,8497
20243,11440660,서교동,24037,10999,13038,1635,5914,5368,3403,3103,4614,801,2535,2555,1610,1482,2016,834,3379,2813,1793,1621,2598,15244
20243,11200720,송정동,9719,5095,4624,857,1443,1547,1314,1704,2854,465,712,854,731,911,1422,392,731,693,583,793,1432,5365
20243,11230600,답십리1동,27834,13376,14458,4184,3822,4851,4651,4043,6283,2126,1689,2278,2374,2005,2904,2058,2133,2573,2277,2038,3379,12866
20243,11200645,옥수동,25399,11775,13624,3895,2444,4547,4429,3813,6271,1930,1143,2043,2163,1787,2709,1965,1301,2504,2266,2026,3562,10753
20243,11650660,내곡동,17000,8222,8778,2978,1636,2294,2922,2424,4746,1530,839,1070,1447,1169,2167,1448,797,1224,1475,1255,2579,7047
20243,11530750,개봉2동,29724,14398,15326,3680,3251,3930,4387,4747,9729,1864,1598,1963,2241,2295,4437,1816,1653,1967,2146,2452,5292,12314
20243,11230660,장안2동,32376,16042,16334,5322,3614,4637,5737,5003,8063,2817,1806,2321,2898,2502,3698,2505,1808,2316,2839,2501,4365,14170
20243,11650540,잠원동,26800,12898,13902,5125,3295,3328,4910,4879,5263,2649,1648,1503,2236,2437,2425,2476,1647,1825,2674,2442,2838,10729
20243,11380632,신사2동,18907,9370,9537,2190,2440,2592,2704,3220,5761,1191,1269,1334,1379,1573,2624,999,1171,1258,1325,1647,3137,8700
20243,11710566,오륜동,17799,8725,9074,3619,1925,1601,3036,3015,4603,1962,1032,698,1341,1469,2223,1657,893,903,1695,1546,2380,5896
20243,11350700,상계8동,21848,10388,11460,3644,2362,4739,3591,3102,4410,1839,1172,2348,1737,1452,1840,1805,1190,2391,1854,1650,2570,9129
20243,11320522,도봉2동,25990,12683,13307,2824,2705,3335,3398,4204,9524,1447,1384,1689,1779,2024,4360,1377,1321,1646,1619,2180,5164,11766
20243,11350720,상계10동,18184,8356,9828,2697,2279,2871,2783,3188,4366,1366,1065,1371,1291,1420,1843,1331,1214,1500,1492,1768,2523,7648
20243,11305555,송천동,24748,12287,12461,2087,2986,2909,3147,4586,9033,1058,1508,1572,1654,2327,4168,1029,1478,1337,1493,2259,4865,13030
20243,11410640,홍제3동,17665,8453,9212,2103,2224,2424,2312,3090,5512,1077,1108,1198,1173,1508,2389,1026,1116,1226,1139,1582,3123,7996
20243,11620735,대학동,24237,14808,9429,1459,6378,5009,3401,3295,4695,752,3815,3441,2293,2154,2353,707,2563,1568,1108,1141,2342,17409
20243,11710550,마천2동,17575,8982,8593,1634,2032,1978,2304,3268,6359,835,1135,1114,1238,1651,3009,799,897,864,1066,1617,3350,8507
20243,11710600,석촌동,30682,14536,16146,2809,5023,6745,4605,4370,7130,1419,2187,3287,2285,2098,3260,1390,2836,3458,2320,2272,3870,16996
20243,11650600,방배1동,16479,7678,8801,2228,2161,2666,2736,2463,4225,1150,1028,1218,1238,1139,1905,1078,1133,1448,1498,1324,2320,7461
20243,11620645,서원동,22908,12012,10896,1251,6434,5015,2651,2699,4858,661,3288,3009,1511,1321,2222,590,3146,2006,1140,1378,2636,15098
20243,11620665,서림동,23319,12975,10344,1537,5561,4791,3106,2996,5328,783,3141,3018,1882,1636,2515,754,2420,1773,1224,1360,2813,15153
20243,11260600,중화1동,18698,9211,9487,2064,2332,2956,2591,3007,5748,1042,1146,1536,1390,1439,2658,1022,1186,1420,1201,1568,3090,8901
20243,11680640,역삼1동,34082,16650,17432,2143,6658,9612,6069,4191,5409,1080,2810,4834,3106,2237,2583,1063,3848,4778,2963,1954,2826,23535
20243,11260655,망우본동,36438,17968,18470,4656,4442,6133,5059,5632,10516,2315,2037,3128,2666,2835,4987,2341,2405,3005,2393,2797,5529,18113
20243,11380520,불광1동,37509,17625,19884,4225,4651,5222,5340,6443,11628,2198,2193,2571,2609,3033,5021,2027,2458,2651,2731,3410,6607,17726
20243,11710561,방이1동,15091,7264,7827,2333,2083,2125,2358,2580,3612,1158,1043,1064,1096,1206,1697,1175,1040,1061,1262,1374,1915,6092
20243,11470600,신월5동,13979,6915,7064,1821,1815,1906,2083,2344,4010,958,900,1031,1043,1134,1849,863,915,875,1040,1210,2161,6352
20243,11560710,대림2동,11730,5740,5990,829,1815,1841,1392,1933,3920,414,895,987,743,979,1722,415,920,854,649,954,2198,6886
20243,11680690,개포4동,23151,11149,12002,3687,2869,3580,3762,3942,5311,1824,1445,1725,1797,1880,2478,1863,1424,1855,1965,2062,2833,10010
20243,11215770,중곡4동,27499,13389,14110,2662,3932,4025,3552,5090,8238,1386,1967,2097,1782,2372,3785,1276,1965,1928,1770,2718,4453,13022
20243,11500540,화곡1동,50743,24632,26111,4171,8918,10251,7286,7176,12941,2107,3937,5501,3794,3489,5804,2064,4981,4750,3492,3687,7137,28118
20243,11110515,청운효자동,11328,5174,6154,1676,1401,1510,1884,1911,2946,865,685,676,823,867,1258,811,716,834,1061,1044,1688,5040
20243,11110690,창신3동,6338,3119,3219,706,826,903,799,1177,1927,366,430,457,403,570,893,340,396,446,396,607,1034,2767
20243,11560540,여의동,33346,15644,17702,5267,3636,4891,5320,5307,8925,2653,1669,2225,2487,2546,4064,2614,1967,2666,2833,2761,4861,13895
20243,11710720,잠실7동,9419,4382,5037,1435,1103,943,1245,1640,3053,655,540,418,546,766,1457,780,563,525,699,874,1596,3365
20243,11530530,구로2동,22380,11215,11165,1783,2819,2668,2758,4223,8129,906,1417,1492,1479,2190,3731,877,1402,1176,1279,2033,4398,12099
20243,11680521,논현1동,20996,9908,11088,1371,3852,5204,3624,2772,4173,675,1714,2576,1695,1366,1882,696,2138,2628,1929,1406,2291,13524
20242,11650651,양재1동,41970,19916,22054,7162,4669,5981,7018,6403,10737,3612,2305,2898,3364,3050,4687,3550,2364,3083,3654,3353,6050,17799
20242,11440730,성산2동,38537,17159,21378,4756,6487,6726,5575,5968,9025,2416,2439,3011,2635,2891,3767,2340,4048,3715,2940,3077,5258,19332
20242,11305534,삼양동,22402,11147,11255,2574,2809,2595,3062,4170,7192,1354,1477,1373,1585,2071,3287,1220,1332,1222,1477,2099,3905,10805
20242,11380570,대조동,27359,12627,14732,2350,5092,4895,3556,4097,7369,1168,2033,2437,1772,1972,3245,1182,3059,2458,1784,2125,4124,15341
20242,11620605,은천동,32359,15843,16516,4077,5082,5050,4730,4764,8656,2107,2408,2642,2396,2413,3877,1970,2674,2408,2334,2351,4779,16051
20242,11290685,길음2동,21666,10347,11319,4065,2507,2856,3847,3714,4677,2097,1180,1335,1818,1835,2082,1968,1327,1521,2029,1879,2595,8617
20242,11440655,서강동,24556,11694,12862,3262,4707,4051,3790,3723,5023,1689,2198,1925,1859,1775,2248,1573,2509,2126,1931,1948,2775,12147
20242,11290610,보문동,16145,7748,8397,1933,2644,2807,2275,2686,3800,957,1228,1404,1166,1307,1686,976,1416,1403,1109,1379,2114,8126
20242,11380530,불광2동,26600,12782,13818,2240,3809,3761,3318,4614,8858,1149,1840,1946,1713,2193,3941,1091,1969,1815,1605,2421,4917,13965
20242,11215780,능동,11053,5063,5990,919,2217,2459,1604,1443,2411,462,958,1120,771,687,1065,457,1259,1339,833,756,1346,6456
20242,11320680,쌍문3동,16449,7872,8577,1590,2375,2361,2240,2788,5095,791,1114,1214,1151,1332,2270,799,1261,1147,1089,1456,2825,8192
20242,11470520,목2동,28816,13924,14892,3551,4299,5100,4253,4698,6915,1877,2069,2568,2067,2174,3169,1674,2230,2532,2186,2524,3746,13299
20242,11215820,자양1동,21795,10556,11239,2105,3873,3812,3127,3377,5501,1095,1879,1986,1530,1654,2412,1010,1994,1826,1597,1723,3089,11960
20242,11350670,상계5동,22979,11152,11827,2533,2909,2567,2991,4369,7610,1298,1503,1383,1484,2114,3370,1235,1406,1184,1507,2255,4240,10900
20242,11560660,신길4동,10315,5096,5219,1110,1231,1489,1375,1756,3354,579,630,796,714,871,1506,531,601,693,661,885,1848,5081
20242,11470580,신월3동,14261,7502,6759,1565,1685,1854,1910,2539,4708,840,892,1002,1044,1408,2316,725,793,852,866,1131,2392,7693
20242,11740560,고덕2동,22684,11427,11257,4754,2039,3425,4400,3203,4863,2520,1039,1636,2261,1594,2377,2234,1000,1789,2139,1609,2486,8924
20242,11260580,상봉1동,23195,11266,11929,3239,2914,3373,3269,3951,6449,1690,1420,1675,1676,1851,2954,1549,1494,1698,1593,2100,3495,10132
20242,11500591,화곡6동,24357,11645,12712,2370,4127,4399,3369,3688,6404,1244,1810,2169,1757,1755,2910,1126,2317,2230,1612,1933,3494,12808
20242,11500550,화곡2동,17041,8180,8861,2091,2333,2600,2758,2777,4482,1053,1136,1390,1368,1307,1926,1038,1197,1210,1390,1470,2556,8150
20242,11170520,용산2가동,8866,4311,4555,691,1307,1624,1227,1243,2774,361,663,845,659,590,1193,330,644,779,568,653,1581,5007
20242,11500615,우장산동,43709,20877,22832,8547,5208,5251,8190,7110,9403,4204,2384,2553,3812,3546,4378,4343,2824,2698,4378,3564,5025,16799
20242,11140605,을지로동,3208,1742,1466,211,512,956,454,370,705,98,203,536,249,225,431,113,309,420,205,145,274,2292
20242,11260620,묵1동,33661,16051,17610,4651,4688,4558,5110,5530,9124,2354,2163,2237,2504,2664,4129,2297,2525,2321,2606,2866,4995,14934
20242,11740590,암사3동,17136,8416,8720,3437,1763,2030,3124,2594,4188,1811,890,943,1520,1275,1977,1626,873,1087,1604,1319,2211,6078
20242,11740520,상일동,39307,19334,19973,9332,3437,5097,8026,5494,7921,4772,1726,2319,3983,2720,3814,4560,1711,2778,4043,2774,4107,13601
20242,11590510,노량진1동,32005,16255,15750,3388,5723,5768,4068,4572,8486,1747,3044,3276,2172,2296,3720,1641,2679,2492,1896,2276,4766,16917
20242,11560550,당산1동,20951,10105,10846,1865,3681,4911,2670,2884,4940,947,1533,2518,1369,1468,2270,918,2148,2393,1301,1416,2670,11632
20242,11470550,목5동,40702,20159,20543,10213,3947,3450,8541,6786,7765,5574,2006,1555,3792,3495,3737,4639,1941,1895,4749,3291,4028,13447
20242,11320514,창4동,26168,12513,13655,3711,3414,3341,3902,4742,7058,1907,1656,1653,1858,2204,3235,1804,1758,1688,2044,2538,3823,10984
20242,11110710,숭인2동,9499,4638,4861,483,2234,1740,1013,1536,2493,227,859,890,547,835,1280,256,1375,850,466,701,1213,6369
20242,11110530,사직동,8992,3989,5003,1122,1044,1412,1407,1477,2530,510,440,632,611,680,1116,612,604,780,796,797,1414,4532
20242,11170570,원효로2동,13626,6396,7230,1710,1909,2315,1973,2222,3497,776,842,1138,987,1083,1570,934,1067,1177,986,1139,1927,6245
20242,11545670,시흥1동,32115,15959,16156,3415,4325,4825,4376,5529,9645,1800,2136,2539,2286,2771,4427,1615,2189,2286,2090,2758,5218,16342
20242,11470570,신월2동,20779,10130,10649,2995,2437,2722,3270,3235,6120,1500,1246,1358,1669,1584,2773,1495,1191,1364,1601,1651,3347,8702
20242,11350600,공릉2동,41435,20163,21272,7053,6862,5438,6599,6387,9096,3643,3362,2693,3179,3130,4156,3410,3500,2745,3420,3257,4940,17741
20242,11170660,이태원2동,8657,4044,4613,767,1192,1695,1293,1247,2463,370,605,850,634,568,1017,397,587,845,659,679,1446,4845
20242,11710646,장지동,28473,13711,14762,4331,3521,4383,4387,4637,7214,2192,1799,2173,2194,2141,3212,2139,1722,2210,2193,2496,4002,12055
20242,11650570,반포2동,23322,11070,12252,5945,2189,2186,4645,3835,4522,2970,1043,901,2069,2012,2075,2975,1146,1285,2576,1823,2447,7603
20242,11350570,월계2동,25485,12230,13255,3245,2758,2828,3747,4300,8607,1680,1420,1408,1897,2107,3718,1565,1338,1420,1850,2193,4889,11694
20242,11620765,미성동,29526,14465,15061,3333,4339,4111,4090,4825,8828,1680,2109,2204,2088,2337,4047,1653,2230,1907,2002,2488,4781,14233
20242,11380650,수색동,20440,9936,10504,3213,2561,3587,2992,3554,4533,1616,1289,1750,1521,1717,2043,1597,1272,1837,1471,1837,2490,8249
20242,11350625,중계2?3동,32502,14828,17674,4195,3658,3820,4805,5565,10459,2088,1801,1884,2319,2622,4114,2107,1857,1936,2486,2943,6345,14980
20242,11110580,교남동,9715,4456,5259,1530,1142,1407,1697,1622,2317,741,521,639,785,789,981,789,621,768,912,833,1336,4341
20242,11350612,하계2동,21306,10129,11177,3682,2596,2462,3461,3825,5280,1905,1356,1168,1602,1825,2273,1777,1240,1294,1859,2000,3007,8207
20242,11350621,중계1동,26318,12840,13478,6900,2811,1858,5725,4881,4143,3691,1467,829,2470,2516,1867,3209,1344,1029,3255,2365,2276,8923
20242,11230610,답십리2동,27467,13247,14220,3293,3181,4231,3775,4588,8399,1605,1584,2158,1912,2237,3751,1688,1597,2073,1863,2351,4648,12454
20242,11710520,풍납2동,23552,11093,12459,3408,3330,3689,3709,3552,5864,1727,1415,1735,1817,1709,2690,1681,1915,1954,1892,1843,3174,10513
20242,11260590,상봉2동,20258,9631,10627,1387,4154,4749,2415,2869,4684,702,1649,2314,1283,1453,2230,685,2505,2435,1132,1416,2454,12531
20242,11650590,방배본동,20401,9406,10995,3930,2442,2230,3630,3553,4616,1855,1101,998,1601,1740,2111,2075,1341,1232,2029,1813,2505,7917
20242,11230710,회기동,10313,4883,5430,996,3406,1479,1160,1219,2053,494,1536,797,565,630,861,502,1870,682,595,589,1192,6575
20242,11320700,방학2동,18535,9360,9175,1901,2134,1972,2338,3524,6666,986,1159,1103,1212,1791,3109,915,975,869,1126,1733,3557,9126
20242,11260565,면목본동,32648,16095,16553,2811,4744,5276,4441,5854,9522,1442,2267,2771,2364,2912,4339,1369,2477,2505,2077,2942,5183,17709
20242,11650510,서초1동,20154,9749,10405,2980,2660,3273,3563,3167,4511,1582,1323,1544,1633,1558,2109,1398,1337,1729,1930,1609,2402,9392
20242,11710632,가락2동,31181,15186,15995,5254,4005,4610,5066,5110,7136,2728,1978,2264,2444,2461,3311,2526,2027,2346,2622,2649,3825,12362
20242,11680531,논현2동,20369,9434,10935,2079,3161,4071,3605,3040,4413,1050,1386,1859,1712,1436,1991,1029,1775,2212,1893,1604,2422,11204
20242,11650610,방배2동,18010,8404,9606,2442,2281,2679,2744,2828,5036,1218,1131,1237,1272,1301,2245,1224,1150,1442,1472,1527,2791,7831
20242,11305645,우이동,19766,9445,10321,2065,2304,2383,2607,3519,6888,1050,1073,1244,1355,1697,3026,1015,1231,1139,1252,1822,3862,9518
20242,11290760,장위1동,23354,11327,12027,3194,3016,3150,3511,4103,6380,1585,1488,1621,1808,1948,2877,1609,1528,1529,1703,2155,3503,10588
20242,11230730,휘경2동,24158,12015,12143,2811,5838,3023,3127,3560,5799,1391,3026,1613,1582,1781,2622,1420,2812,1410,1545,1779,3177,12643
20242,11350619,중계본동,23040,11163,11877,5334,2899,1645,4258,4637,4267,2719,1456,803,1845,2324,2016,2615,1443,842,2413,2313,2251,8133
20242,11380580,응암1동,32659,15258,17401,4871,4200,5235,5463,5059,7831,2500,1812,2497,2671,2457,3321,2371,2388,2738,2792,2602,4510,15086
20242,11305625,수유2동,20502,9717,10785,2064,2590,2319,2733,3547,7249,1076,1186,1245,1410,1682,3118,988,1404,1074,1323,1865,4131,9767
20242,11320512,창2동,28172,13658,14514,3392,3737,3782,4103,4947,8211,1737,1841,1919,2095,2330,3736,1655,1896,1863,2008,2617,4475,12509
20242,11305535,미아동,20841,9966,10875,1702,3520,2708,2628,3535,6748,904,1477,1474,1342,1747,3022,798,2043,1234,1286,1788,3726,11645
20242,11230720,휘경1동,13580,6428,7152,1420,3601,2055,1613,1886,3005,698,1505,1093,827,907,1398,722,2096,962,786,979,1607,7552
20242,11410700,남가좌2동,29083,14033,15050,4681,4083,4081,4720,4487,7031,2367,1986,1979,2379,2203,3119,2314,2097,2102,2341,2284,3912,13349
20242,11140670,황학동,12685,5986,6699,1103,2172,2968,1817,1685,2940,562,881,1456,926,818,1343,541,1291,1512,891,867,1597,7419
20242,11560585,도림동,17562,8900,8662,1605,2542,3250,2425,2902,4838,834,1234,1723,1293,1533,2283,771,1308,1527,1132,1369,2555,9621
20242,11215730,군자동,19048,9394,9654,1577,4259,3440,2476,2640,4656,826,2050,1785,1249,1328,2156,751,2209,1655,1227,1312,2500,11293
20242,11545510,가산동,24622,13262,11360,1183,6982,6580,2804,2716,4357,593,3140,3964,1719,1598,2248,590,3842,2616,1085,1118,2109,18077
20242,11380631,신사1동,26462,12698,13764,2997,3592,3776,3864,4436,7797,1530,1796,1915,1930,2094,3433,1467,1796,1861,1934,2342,4364,12059
20242,11215710,화양동,24821,11760,13061,1242,10467,4995,2328,2294,3495,569,4475,2584,1249,1238,1645,673,5992,2411,1079,1056,1850,18696
20242,11470650,신정4동,31687,15407,16280,3158,4945,4794,4564,5229,8997,1622,2327,2520,2311,2538,4089,1536,2618,2274,2253,2691,4908,16216
20242,11170685,한남동,17711,8532,9179,2037,2037,3193,2924,2831,4689,1059,1018,1548,1469,1337,2101,978,1019,1645,1455,1494,2588,9323
20242,11110650,혜화동,15833,7605,8228,1689,4273,2038,1904,2304,3625,833,2111,1077,919,1094,1571,856,2162,961,985,1210,2054,9092
20242,11320513,창3동,13163,6549,6614,1407,1487,1503,1893,2437,4436,758,776,813,984,1209,2009,649,711,690,909,1228,2427,6402
20242,11410555,북아현동,15401,7379,8022,2242,1925,2786,2525,2474,3449,1157,851,1325,1302,1197,1547,1085,1074,1461,1223,1277,1902,7031
20242,11470630,신정2동,18773,9207,9566,3948,2123,1564,3465,3405,4268,2034,1087,737,1561,1781,2007,1914,1036,827,1904,1624,2261,6828
20242,11200650,성수1가1동,15394,7652,7742,1722,2196,2841,2013,2745,3877,901,1102,1424,1008,1329,1888,821,1094,1417,1005,1416,1989,7434
20242,11320660,쌍문1동,20484,9807,10677,2281,2632,2371,2743,3678,6779,1143,1198,1234,1400,1792,3040,1138,1434,1137,1343,1886,3739,9257
20242,11740685,길동,44395,21594,22801,4611,6297,7127,6419,7099,12842,2411,2946,3637,3290,3428,5882,2200,3351,3490,3129,3671,6960,21799
20242,11545690,시흥3동,10153,5020,5133,1022,1164,1276,1264,1831,3596,519,599,691,659,888,1664,503,565,585,605,943,1932,4581
20242,11320511,창1동,23774,11340,12434,3055,2927,3114,3534,4185,6959,1565,1436,1615,1721,1965,3038,1490,1491,1499,1813,2220,3921,10766
20242,11290725,월곡2동,18900,8965,9935,2131,3483,2565,2489,2953,5279,1111,1367,1337,1250,1491,2409,1020,2116,1228,1239,1462,2870,9649
20242,11215760,중곡3동,15681,7737,7944,1436,2305,2714,2050,2676,4500,741,1106,1417,1078,1317,2078,695,1199,1297,972,1359,2422,8495
20242,11710510,풍납1동,11750,5769,5981,1225,1267,1627,1584,1988,4059,678,652,855,801,967,1816,547,615,772,783,1021,2243,5572
20242,11440610,염리동,16719,7963,8756,2922,2412,2746,3054,2505,3080,1465,1091,1321,1477,1269,1340,1457,1321,1425,1577,1236,1740,7762
20242,11200670,성수2가1동,14544,7539,7005,1301,1837,2399,1889,2557,4561,659,949,1295,1018,1355,2263,642,888,1104,871,1202,2298,7587
20242,11500560,화곡3동,21093,10044,11049,2563,2979,3092,3065,3165,6229,1353,1342,1515,1497,1486,2851,1210,1637,1577,1568,1679,3378,9685
20242,11680510,신사동,15436,7204,8232,2348,1899,2022,2506,2568,4093,1199,878,914,1115,1255,1843,1149,1021,1108,1391,1313,2250,6717
20242,11170590,용문동,11380,5423,5957,1264,1613,1939,1576,1846,3142,631,762,981,793,893,1363,633,851,958,783,953,1779,5307
20242,11590670,신대방1동,23282,11152,12130,3513,3325,3095,3612,3868,5869,1727,1572,1552,1714,1915,2672,1786,1753,1543,1898,1953,3197,10423
20242,11740570,암사1동,33825,16775,17050,4027,4289,4876,5160,5816,9657,2023,2232,2550,2678,2857,4435,2004,2057,2326,2482,2959,5222,16155
20242,11200560,행당1동,13629,6526,7103,1824,2164,2212,2056,2161,3212,898,995,1102,1011,1023,1497,926,1169,1110,1045,1138,1715,6397
20242,11200620,금호4가동,14142,6694,7448,2116,1311,2308,2621,2123,3663,1098,661,1063,1289,1045,1538,1018,650,1245,1332,1078,2125,6398
20242,11680655,도곡1동,20005,9502,10503,3672,2411,2742,3513,3246,4421,1738,1167,1256,1631,1620,2090,1934,1244,1486,1882,1626,2331,8034
20242,11110670,창신1동,4523,2397,2126,280,522,621,501,840,1759,149,271,355,273,441,908,131,251,266,228,399,851,2628
20242,11710670,잠실2동,34909,16705,18204,9113,3341,3220,8042,5660,5533,4653,1533,1304,3688,3000,2527,4460,1808,1916,4354,2660,3006,11542
20242,11740660,성내3동,22433,10963,11470,2471,3268,3311,3357,3800,6226,1392,1667,1703,1625,1817,2759,1079,1601,1608,1732,1983,3467,10645
20242,11650620,방배3동,15757,7500,8257,2670,1800,1874,2500,2602,4311,1335,894,849,1141,1243,2038,1335,906,1025,1359,1359,2273,5855
20242,11545680,시흥2동,20564,9831,10733,3156,2108,2230,2999,3655,6416,1549,1075,1111,1432,1737,2927,1607,1033,1119,1567,1918,3489,8238
20242,11350695,상계6?7동,31400,14467,16933,4531,4011,4657,4833,5511,7857,2328,1908,2248,2223,2475,3285,2203,2103,2409,2610,3036,4572,13887
20242,11680740,일원2동,16833,8153,8680,2624,1629,2392,2921,2447,4820,1590,869,1165,1377,1194,1958,1034,760,1227,1544,1253,2862,7377
20242,11680660,개포1동,6765,3265,3500,1151,649,638,1068,1017,2242,559,319,289,499,510,1089,592,330,349,569,507,1153,2547
20242,11305615,수유1동,19842,9710,10132,1918,2797,2644,2591,3325,6567,967,1300,1448,1389,1649,2957,951,1497,1196,1202,1676,3610,10418
20242,11410565,충현동,19682,9454,10228,2309,3004,3356,2797,3158,5058,1143,1369,1646,1413,1560,2323,1166,1635,1710,1384,1598,2735,10070
20242,11590620,사당1동,22415,10798,11617,1388,5074,4744,2832,2807,5570,740,2283,2484,1498,1312,2481,648,2791,2260,1334,1495,3089,13773
20242,11680650,역삼2동,36348,16944,19404,7981,4370,4509,8338,5910,5240,3733,1871,2047,3684,3231,2378,4248,2499,2462,4654,2679,2862,15611
20242,11740700,둔촌2동,24228,11861,12367,3360,3110,3688,3495,3911,6664,1764,1532,1874,1752,1868,3071,1596,1578,1814,1743,2043,3593,10426
20242,11350665,상계3?4동,27489,13675,13814,3585,3100,2909,3876,4953,9066,1887,1634,1567,1965,2469,4153,1698,1466,1342,1911,2484,4913,12412
20242,11305545,송중동,28576,13737,14839,3126,3770,3735,4089,4933,8923,1540,1822,1902,2089,2365,4019,1586,1948,1833,2000,2568,4904,13802
20242,11260680,신내1동,37757,18186,19571,6092,4249,4537,5613,6197,11069,3123,2172,2232,2746,2917,4996,2969,2077,2305,2867,3280,6073,14887
20242,11590530,상도1동,44464,21556,22908,5282,10237,5927,5858,6511,10649,2652,5321,2989,2814,3092,4688,2630,4916,2938,3044,3419,5961,22704
20242,11590520,노량진2동,10181,5312,4869,556,1990,1838,1163,1466,3168,274,1025,1095,672,786,1460,282,965,743,491,680,1708,6725
20242,11620630,남현동,17668,8549,9119,1419,3785,3659,2115,2398,4292,719,1752,1971,1069,1113,1925,700,2033,1688,1046,1285,2367,9874
20242,11710620,가락본동,25171,12461,12710,2965,3485,4476,3545,4192,6508,1512,1737,2282,1800,1984,3146,1453,1748,2194,1745,2208,3362,11567
20242,11230560,전농1동,32107,15979,16128,4034,4839,4460,4730,5311,8733,2037,2340,2296,2466,2739,4101,1997,2499,2164,2264,2572,4632,16020
20242,11650531,서초4동,30281,14804,15477,6584,3448,3064,5826,5248,6111,3449,1710,1331,2710,2676,2928,3135,1738,1733,3116,2572,3183,10706
20242,11680670,개포2동,41708,20173,21535,8783,4683,6170,7516,6679,7877,4470,2293,2841,3485,3295,3789,4313,2390,3329,4031,3384,4088,14821
20242,11290630,정릉2동,22510,10838,11672,2837,3023,2989,3163,3828,6670,1473,1502,1484,1602,1836,2941,1364,1521,1505,1561,1992,3729,9902
20242,11230740,이문1동,17724,8739,8985,1705,5173,2026,1959,2472,4389,861,2456,1156,1006,1278,1982,844,2717,870,953,1194,2407,10654
20242,11620585,낙성대동,17211,8618,8593,1292,5749,3833,1853,1665,2819,641,2714,2115,999,881,1268,651,3035,1718,854,784,1551,11903
20242,11710531,거여1동,12011,6013,5998,1339,1588,1640,1595,2163,3686,704,811,863,812,1096,1727,635,777,777,783,1067,1959,5558
20242,11710650,잠실본동,27731,13208,14523,2445,4952,6226,4164,3970,5974,1245,2180,3103,2048,1922,2710,1200,2772,3123,2116,2048,3264,16073
20242,11680580,삼성1동,12134,5938,6196,1774,1553,1712,1917,2050,3128,949,838,826,882,984,1459,825,715,886,1035,1066,1669,5230
20242,11680610,대치2동,38212,19396,18816,8922,4008,3306,7349,6670,7957,5235,2160,1541,3164,3430,3866,3687,1848,1765,4185,3240,4091,13293
20242,11530550,구로4동,18646,8980,9666,1480,2506,2746,2349,3122,6443,763,1189,1412,1235,1543,2838,717,1317,1334,1114,1579,3605,10345
20242,11350624,중계4동,19114,9151,9963,2800,2288,1812,2878,3591,5745,1472,1192,916,1357,1778,2436,1328,1096,896,1521,1813,3309,8209
20242,11350640,상계2동,19105,9426,9679,2261,2910,2133,2514,3737,5550,1105,1496,1122,1253,1834,2616,1156,1414,1011,1261,1903,2934,8558
20242,11215860,구의2동,25468,12150,13318,3443,3280,3587,3950,4410,6798,1753,1577,1763,1923,2085,3049,1690,1703,1824,2027,2325,3749,11380
20242,11470611,신월7동,18588,9029,9559,1852,2130,2501,2418,3218,6469,961,1092,1338,1272,1561,2805,891,1038,1163,1146,1657,3664,8930
20242,11500520,등촌1동,24933,11521,13412,2379,4735,6640,3456,3071,4652,1282,1883,3074,1772,1444,2066,1097,2852,3566,1684,1627,2586,14262
20242,11110540,삼청동,2247,1075,1172,248,238,283,316,351,811,133,121,131,153,171,366,115,117,152,163,180,445,1120
20242,11380560,구산동,31429,15279,16150,3813,4234,3793,4530,5645,9414,1895,1984,1896,2313,2740,4451,1918,2250,1897,2217,2905,4963,13477
20242,11140650,신당5동,10151,4914,5237,966,1494,1791,1397,1757,2746,462,664,898,727,910,1253,504,830,893,670,847,1493,5385
20242,11215830,자양2동,23591,11450,12141,2882,3208,3682,3540,3903,6376,1468,1588,1859,1734,1849,2952,1414,1620,1823,1806,2054,3424,10890
20242,11740550,고덕1동,23932,12182,11750,6073,1949,2426,5297,3431,4756,3392,1057,1132,2557,1813,2231,2681,892,1294,2740,1618,2525,8155
20242,11470620,신정1동,19716,9582,10134,4413,2061,1765,3859,3370,4248,2279,1053,814,1774,1702,1960,2134,1008,951,2085,1668,2288,6958
20242,11290650,정릉4동,24009,11457,12552,3160,3050,2863,3583,4243,7110,1633,1504,1431,1747,2059,3083,1527,1546,1432,1836,2184,4027,10737
20242,11140520,소공동,2178,1027,1151,289,218,442,514,320,395,130,79,205,250,170,193,159,139,237,264,150,202,1231
20242,11440565,공덕동,36426,16993,19433,4002,5749,6487,4980,6129,9079,2074,2349,3100,2501,2951,4018,1928,3400,3387,2479,3178,5061,18559
20242,11560720,대림3동,21488,10727,10761,2133,2698,3121,2678,3864,6994,1068,1431,1681,1388,1889,3270,1065,1267,1440,1290,1975,3724,10303
20242,11260540,면목4동,18121,9021,9100,1938,2212,2460,2636,3198,5677,1015,1143,1274,1399,1637,2553,923,1069,1186,1237,1561,3124,8928
20242,11410690,남가좌1동,16699,7994,8705,3810,1559,2235,3430,2364,3301,1914,728,970,1742,1171,1469,1896,831,1265,1688,1193,1832,6161
20242,11110630,종로5?6가동,5376,2824,2552,359,1180,886,571,855,1525,161,546,493,322,494,808,198,634,393,249,361,717,3576
20242,11200520,왕십리2동,15974,7663,8311,2097,2174,2781,2315,2596,4011,1065,1012,1354,1158,1260,1814,1032,1162,1427,1157,1336,2197,7303
20242,11140580,장충동,4549,2371,2178,389,1271,663,499,578,1149,201,707,374,262,303,524,188,564,289,237,275,625,2833
20242,11710631,가락1동,27469,13286,14183,5719,2571,4733,4925,3631,5890,2940,1266,2134,2441,1684,2821,2779,1305,2599,2484,1947,3069,9799
20242,11200580,응봉동,14940,7088,7852,2460,1666,2031,2607,2508,3668,1275,779,973,1230,1227,1604,1185,887,1058,1377,1281,2064,5949
20242,11470670,신정6동,23959,11598,12361,5302,2631,2449,4474,4245,4858,2727,1336,1137,1998,2058,2342,2575,1295,1312,2476,2187,2516,8185
20242,11650520,서초2동,24636,11631,13005,4292,3376,4799,4571,3206,4392,2197,1428,2184,2145,1610,2067,2095,1948,2615,2426,1596,2325,11340
20242,11560690,신길7동,19779,9835,9944,3668,2416,3282,3383,2949,4081,1923,1236,1634,1715,1402,1925,1745,1180,1648,1668,1547,2156,7880
20242,11710710,잠실6동,16514,7825,8689,2948,1768,1981,2777,2606,4434,1498,849,896,1280,1210,2092,1450,919,1085,1497,1396,2342,5834
20242,11305660,인수동,29069,14019,15050,3074,3468,3443,3874,4989,10221,1558,1693,1814,2007,2413,4534,1516,1775,1629,1867,2576,5687,14159
20242,11290580,돈암1동,14260,6652,7608,1740,1842,1866,1829,2593,4390,863,839,920,884,1225,1921,877,1003,946,945,1368,2469,6052
20242,11650560,반포1동,33740,16468,17272,6962,3952,5028,7041,4810,5947,3526,1859,2391,3421,2586,2685,3436,2093,2637,3620,2224,3262,14637
20242,11620525,보라매동,23092,11443,11649,2135,4351,4053,2939,3266,6348,1108,2104,2267,1535,1611,2818,1027,2247,1786,1404,1655,3530,12670
20242,11620575,행운동,28758,13926,14832,2079,7607,5942,3444,3392,6294,1032,3393,3181,1793,1694,2833,1047,4214,2761,1651,1698,3461,18159
20242,11620625,인헌동,25385,12283,13102,2133,5807,4960,3141,3495,5849,1113,2693,2564,1628,1664,2621,1020,3114,2396,1513,1831,3228,14772
20242,11620615,중앙동,15126,7305,7821,856,4374,3231,1662,1659,3344,428,1901,1723,885,843,1525,428,2473,1508,777,816,1819,10136
20242,11290640,정릉3동,14934,7431,7503,1346,3370,1799,1548,2287,4584,727,1866,1016,789,1107,1926,619,1504,783,759,1180,2658,8201
20242,11350611,하계1동,26128,12492,13636,3719,4532,2631,3348,4814,7084,2010,2414,1350,1483,2327,2908,1709,2118,1281,1865,2487,4176,12129
20242,11380552,갈현2동,27415,12947,14468,3291,3884,3568,4064,4876,7732,1668,1830,1798,1990,2289,3372,1623,2054,1770,2074,2587,4360,12523
20242,11380600,응암3동,23429,11287,12142,1971,3287,3255,3038,3863,8015,1007,1608,1710,1566,1944,3452,964,1679,1545,1472,1919,4563,12504
20242,11650652,양재2동,21157,10608,10549,2407,3148,4068,3407,3370,4757,1287,1596,2135,1731,1659,2200,1120,1552,1933,1676,1711,2557,10943
20242,11710562,방이2동,26094,11878,14216,2020,5130,6448,3632,3345,5519,1095,1992,2941,1815,1528,2507,925,3138,3507,1817,1817,3012,15656
20242,11620695,신림동,22622,12090,10532,681,8720,6189,2449,1806,2777,339,4196,3697,1470,1065,1323,342,4524,2492,979,741,1454,18724
20242,11620565,성현동,28222,13577,14645,4164,3618,3398,4450,4782,7810,2139,1817,1711,2188,2379,3343,2025,1801,1687,2262,2403,4467,12187
20242,11410685,홍은2동,28505,13661,14844,3665,4137,3981,4039,4803,7880,1842,2036,2064,1977,2303,3439,1823,2101,1917,2062,2500,4441,13166
20242,11740600,천호1동,25942,12735,13207,2644,3280,3850,3678,4341,8149,1336,1635,2042,1904,2121,3697,1308,1645,1808,1774,2220,4452,12929
20242,11200535,왕십리도선동,26181,12283,13898,3603,4013,4411,3895,4311,5948,1870,1726,1993,1935,2031,2728,1733,2287,2418,1960,2280,3220,12111
20242,11560515,영등포본동,20784,10610,10174,2250,2779,3244,2796,3528,6187,1146,1447,1720,1487,1811,2999,1104,1332,1524,1309,1717,3188,10407
20242,11290575,동선동,14977,6196,8781,1236,4651,2419,1762,1909,3000,530,1380,1182,862,929,1313,706,3271,1237,900,980,1687,9625
20242,11560605,문래동,32022,15577,16445,5830,3503,5493,5961,4494,6741,3011,1666,2607,2973,2241,3079,2819,1837,2886,2988,2253,3662,13095
20242,11500620,공항동,29436,14868,14568,5076,3657,4857,5192,4101,6553,2565,1882,2527,2788,2080,3026,2511,1775,2330,2404,2021,3527,13691
20242,11500510,염창동,41250,19807,21443,7769,5314,7231,7299,6159,7478,3977,2438,3285,3558,3052,3497,3792,2876,3946,3741,3107,3981,16592
20242,11560630,신길1동,19314,9780,9534,1597,3601,3596,2448,2904,5168,795,1732,2004,1361,1525,2363,802,1869,1592,1087,1379,2805,11605
20242,11380640,증산동,18240,8840,9400,2403,2357,2626,2570,3089,5195,1238,1129,1287,1288,1522,2376,1165,1228,1339,1282,1567,2819,7933
20242,11530740,개봉1동,33122,16420,16702,4134,3960,5015,4572,5483,9958,2116,2009,2567,2341,2714,4673,2018,1951,2448,2231,2769,5285,14958
20242,11545620,독산2동,17737,8915,8822,1694,2337,2512,2178,3358,5658,895,1171,1380,1144,1658,2667,799,1166,1132,1034,1700,2991,9282
20242,11350630,상계1동,36834,17688,19146,4724,4544,4401,5069,6715,11381,2412,2270,2211,2455,3143,5197,2312,2274,2190,2614,3572,6184,15534
20242,11500570,화곡4동,19720,9668,10052,2041,2499,2933,3042,3276,5929,1090,1274,1541,1580,1568,2615,951,1225,1392,1462,1708,3314,9641
20242,11200690,성수2가3동,10021,4999,5022,940,1628,1835,1322,1581,2715,499,769,880,688,811,1352,441,859,955,634,770,1363,5211
20242,11170700,보광동,11134,5572,5562,801,1494,1758,1493,2011,3577,465,846,1015,771,992,1483,336,648,743,722,1019,2094,6270
20242,11170690,서빙고동,12443,5999,6444,2037,1557,1436,2157,2147,3109,1026,794,705,1045,1016,1413,1011,763,731,1112,1131,1696,5097
20242,11170625,한강로동,20977,9895,11082,2206,3206,4813,2844,3197,4711,1136,1360,2240,1369,1507,2283,1070,1846,2573,1475,1690,2428,11229
20242,11230705,청량리동,18688,9202,9486,1546,2215,2135,2155,3063,7574,790,1110,1148,1138,1553,3463,756,1105,987,1017,1510,4111,10043
20242,11170580,효창동,10665,5044,5621,1426,1614,1969,1591,1728,2337,728,741,958,778,798,1041,698,873,1011,813,930,1296,4718
20242,11710580,송파1동,23353,10821,12532,2098,4019,5392,3349,3167,5328,1026,1767,2648,1564,1387,2429,1072,2252,2744,1785,1780,2899,12486
20242,11470510,목1동,30276,14544,15732,7467,2982,2754,6476,5153,5444,3731,1465,1184,2933,2662,2569,3736,1517,1570,3543,2491,2875,10349
20242,11470680,신정7동,28275,13546,14729,4859,2968,2931,4625,4979,7913,2510,1529,1444,2189,2445,3429,2349,1439,1487,2436,2534,4484,11507
20242,11620715,난향동,14726,7199,7527,2213,1623,1548,2518,2694,4130,1114,843,759,1245,1391,1847,1099,780,789,1273,1303,2283,6175
20242,11560560,당산2동,36667,17117,19550,4697,6732,8189,5239,4671,7139,2397,2651,3855,2603,2248,3363,2300,4081,4334,2636,2423,3776,18864
20242,11140540,회현동,4380,2304,2076,365,418,528,531,793,1745,186,209,260,285,427,937,179,209,268,246,366,808,2491
20242,11500640,방화2동,22596,11171,11425,2247,3015,3725,3014,3425,7170,1196,1443,1977,1576,1789,3190,1051,1572,1748,1438,1636,3980,12052
20242,11440600,대흥동,14719,7124,7595,1471,3656,2555,2017,2108,2912,764,1618,1311,1011,1077,1343,707,2038,1244,1006,1031,1569,8823
20242,11410620,홍제1동,24704,11553,13151,3208,3100,3607,3586,4205,6998,1566,1502,1708,1740,1984,3053,1642,1598,1899,1846,2221,3945,11038
20242,11545610,독산1동,45720,23242,22478,5294,7802,10015,6606,6356,9647,2682,3606,5435,3661,3232,4626,2612,4196,4580,2945,3124,5021,24569
20242,11110560,평창동,17366,8092,9274,2533,1997,2057,2484,3156,5139,1281,993,972,1124,1415,2307,1252,1004,1085,1360,1741,2832,7124
20242,11230750,이문2동,19385,9319,10066,2578,2642,2322,2758,3345,5740,1331,1188,1157,1404,1648,2591,1247,1454,1165,1354,1697,3149,8656
20242,11710540,마천1동,17982,9215,8767,2021,1988,1982,2356,3374,6261,1062,1028,1095,1248,1782,3000,959,960,887,1108,1592,3261,8567
20242,11380590,응암2동,27329,13188,14141,5321,2477,4191,5549,3913,5878,2764,1222,1924,2764,1945,2569,2557,1255,2267,2785,1968,3309,11014
20242,11500535,등촌3동,29390,13848,15542,3050,3235,4582,3612,4479,10432,1562,1614,2308,1779,2022,4563,1488,1621,2274,1833,2457,5869,15092
20242,11140625,다산동,13221,6412,6809,1114,2079,2167,1719,2138,4004,600,986,1118,888,1047,1773,514,1093,1049,831,1091,2231,6767
20242,11470640,신정3동,49523,23946,25577,8452,6003,5992,7797,8974,12305,4327,3061,2973,3729,4325,5531,4125,2942,3019,4068,4649,6774,19703
20242,11200570,행당2동,22851,10656,12195,3436,2579,3426,3583,3971,5856,1612,1198,1631,1718,1915,2582,1824,1381,1795,1865,2056,3274,9226
20242,11530520,구로1동,20519,10005,10514,3469,2418,3563,3529,3000,4540,1796,1149,1785,1744,1449,2082,1673,1269,1778,1785,1551,2458,8356
20242,11590540,상도2동,27084,12936,14148,4095,3942,4326,4416,4034,6271,2124,1819,2060,2193,1933,2807,1971,2123,2266,2223,2101,3464,12299
20242,11710720,잠실7동,9419,4382,5037,1435,1103,943,1245,1640,3053,655,540,418,546,766,1457,780,563,525,699,874,1596,3365
20242,11650621,방배4동,22754,10319,12435,3880,2825,3126,4033,3755,5135,1781,1248,1407,1758,1803,2322,2099,1577,1719,2275,1952,2813,9556
20242,11290590,돈암2동,23417,11070,12347,4248,2683,2749,3857,4362,5518,2135,1337,1297,1772,2082,2447,2113,1346,1452,2085,2280,3071,8521
20242,11170630,이촌1동,24933,11719,13214,4809,2548,2939,4157,4378,6102,2482,1260,1288,1898,2066,2725,2327,1288,1651,2259,2312,3377,9125
20242,11740690,둔촌1동,16,10,6,2,0,1,5,1,7,2,0,1,2,0,5,0,0,0,3,1,2,11
20242,11320515,창5동,23884,11392,12492,2882,3199,3393,3183,4238,6989,1480,1555,1690,1530,1944,3193,1402,1644,1703,1653,2294,3796,10262
20242,11500605,가양3동,14189,6504,7685,1059,1248,2945,1794,1889,5254,537,564,1429,938,914,2122,522,684,1516,856,975,3132,7735
20242,11650550,반포본동,117,49,68,17,21,6,22,21,30,7,8,3,8,9,14,10,13,3,14,12,16,44
20242,11305635,수유3동,22988,11301,11687,1593,4229,3326,2913,3923,7004,802,1938,1813,1586,1992,3170,791,2291,1513,1327,1931,3834,13528
20242,11230570,전농2동,17954,8555,9399,2542,2005,2090,2664,3152,5501,1275,968,1069,1309,1513,2421,1267,1037,1021,1355,1639,3080,7541
20242,11410660,홍은1동,22158,10677,11481,2755,2645,2973,3146,3932,6707,1378,1319,1494,1595,1908,2983,1377,1326,1479,1551,2024,3724,9694
20242,11590660,대방동,35620,16775,18845,5172,6087,4944,5581,5718,8118,2530,2762,2441,2637,2851,3554,2642,3325,2503,2944,2867,4564,16664
20242,11590630,사당2동,27151,13012,14139,3253,3366,4288,3936,4344,7964,1763,1625,2088,1945,2078,3513,1490,1741,2200,1991,2266,4451,12176
20242,11260575,면목3?8동,24375,12017,12358,2142,3312,3569,3169,4356,7827,1079,1649,1881,1701,2150,3557,1063,1663,1688,1468,2206,4270,12782
20242,11440710,연남동,14202,6690,7512,1131,2880,2925,2106,1935,3225,567,1312,1448,1055,911,1397,564,1568,1477,1051,1024,1828,8339
20242,11590605,흑석동,29907,14490,15417,4507,4506,4057,4648,4932,7257,2291,2283,1959,2335,2359,3263,2216,2223,2098,2313,2573,3994,12930
20242,11620685,신사동,21969,11050,10919,1437,5696,4113,2543,2980,5200,774,2700,2341,1343,1481,2411,663,2996,1772,1200,1499,2789,14144
20242,11230650,장안1동,37191,18358,18833,4598,4828,5838,6095,5762,10070,2356,2242,3033,3148,2889,4690,2242,2586,2805,2947,2873,5380,18136
20242,11620745,삼성동,19970,9928,10042,1726,2177,2180,2482,3630,7775,935,1117,1241,1325,1836,3474,791,1060,939,1157,1794,4301,9681
20242,11410585,신촌동,20135,8693,11442,1336,8441,3650,1859,1895,2954,638,3121,1798,896,924,1316,698,5320,1852,963,971,1638,14750
20242,11710647,위례동,44857,21874,22983,12586,4244,6785,9367,5881,5994,6484,2092,3079,4600,2926,2693,6102,2152,3706,4767,2955,3301,14702
20242,11260570,면목7동,21190,10543,10647,2094,2678,3284,2861,3592,6681,1118,1293,1667,1548,1812,3105,976,1385,1617,1313,1780,3576,10540
20242,11320521,도봉1동,20030,9993,10037,1627,2142,2046,2499,3524,8192,827,1105,1098,1372,1771,3820,800,1037,948,1127,1753,4372,10228
20242,11320710,방학3동,26077,12624,13453,4026,2742,2845,3723,4468,8273,2182,1483,1465,1778,2040,3676,1844,1259,1380,1945,2428,4597,9923
20242,11200540,마장동,21556,10610,10946,2385,4066,3159,2625,3419,5902,1203,2027,1646,1335,1661,2738,1182,2039,1513,1290,1758,3164,10844
20242,11200550,사근동,11936,6247,5689,987,4917,1611,1041,1286,2094,475,2713,929,553,622,955,512,2204,682,488,664,1139,8185
20242,11350560,월계1동,20526,10528,9998,2380,3591,2369,2836,3322,6028,1259,2094,1290,1441,1677,2767,1121,1497,1079,1395,1645,3261,9969
20242,11560610,양평1동,18114,8709,9405,2154,2938,4516,2950,2150,3406,1110,1174,2251,1539,1131,1504,1044,1764,2265,1411,1019,1902,9893
20242,11560650,신길3동,15950,7852,8098,2044,1875,2360,2308,2655,4708,1033,936,1204,1220,1335,2124,1011,939,1156,1088,1320,2584,7486
20242,11680630,대치4동,18614,8869,9745,2804,2971,3067,3410,3345,3017,1529,1449,1455,1450,1639,1347,1275,1522,1612,1960,1706,1670,9730
20242,11215850,구의1동,21448,10252,11196,1689,4498,4386,2917,3119,4839,839,2008,2240,1493,1505,2167,850,2490,2146,1424,1614,2672,12519
20242,11545710,시흥5동,18167,9067,9100,1876,2073,2144,2296,3311,6467,956,1075,1184,1215,1710,2927,920,998,960,1081,1601,3540,9143
20242,11440690,망원1동,19151,8899,10252,1831,3093,3611,2937,2888,4791,909,1404,1717,1425,1403,2041,922,1689,1894,1512,1485,2750,10174
20242,11350595,공릉1동,35959,17381,18578,3930,6593,4943,4951,5445,10097,2028,3169,2510,2495,2673,4506,1902,3424,2433,2456,2772,5591,18517
20242,11500641,방화3동,21991,10634,11357,2422,1964,3367,3227,3271,7740,1255,1011,1720,1638,1625,3385,1167,953,1647,1589,1646,4355,11216
20242,11500530,등촌2동,19312,9398,9914,2375,2697,3298,2778,2997,5167,1313,1328,1653,1373,1366,2365,1062,1369,1645,1405,1631,2802,8505
20242,11110600,가회동,3849,1787,2062,459,406,499,633,687,1165,247,188,228,295,331,498,212,218,271,338,356,667,1903
20242,11140645,청구동,12955,6117,6838,1365,1575,2127,1648,2147,4093,687,761,1047,815,1015,1792,678,814,1080,833,1132,2301,6139
20242,11680700,세곡동,45513,21325,24188,8706,5330,7034,8065,6259,10119,4379,2341,3273,3883,3042,4407,4327,2989,3761,4182,3217,5712,19381
20242,11110700,숭인1동,5768,2797,2971,531,721,792,805,1099,1820,267,341,404,420,557,808,264,380,388,385,542,1012,2990
20242,11110550,부암동,9034,4284,4750,1191,1096,1158,1374,1626,2589,629,563,566,611,752,1163,562,533,592,763,874,1426,4096
20242,11110680,창신2동,7511,3880,3631,498,954,881,818,1665,2695,263,498,514,454,861,1290,235,456,367,364,804,1405,3983
20242,11545700,시흥4동,19366,9586,9780,2035,2302,2358,2452,3576,6643,1027,1187,1258,1243,1712,3159,1008,1115,1100,1209,1864,3484,9011
20242,11740515,강일동,44257,21047,23210,8773,4901,5797,7171,6561,11054,4522,2397,2690,3476,3173,4789,4251,2504,3107,3695,3388,6265,17658
20242,11215840,자양3동,27193,12991,14202,4362,3434,3864,4233,4540,6760,2185,1714,1809,1976,2183,3124,2177,1720,2055,2257,2357,3636,10951
20242,11530720,고척1동,26314,13106,13208,3502,3309,5100,3600,4025,6778,1809,1668,2610,1872,1970,3177,1693,1641,2490,1728,2055,3601,11516
20242,11200790,용답동,11809,6118,5691,818,2551,1989,1397,1892,3162,423,1141,1057,793,1122,1582,395,1410,932,604,770,1580,7515
20242,11500603,가양1동,33880,15206,18674,3024,7788,8937,4444,4089,5598,1562,2560,4210,2239,2005,2630,1462,5228,4727,2205,2084,2968,20930
20242,11650581,반포4동,18474,8654,9820,3522,2071,2343,3241,3078,4219,1824,1001,1032,1431,1463,1903,1698,1070,1311,1810,1615,2316,7024
20242,11305603,번2동,14866,7134,7732,1327,1830,1585,1928,2530,5666,704,929,841,1017,1251,2392,623,901,744,911,1279,3274,7425
20242,11140635,약수동,16086,7419,8667,1717,1772,2258,2206,2653,5480,857,847,1092,1072,1215,2336,860,925,1166,1134,1438,3144,7737
20242,11620545,청림동,14726,7103,7623,2130,1620,2373,2293,2285,4025,1097,803,1211,1152,1111,1729,1033,817,1162,1141,1174,2296,6408
20242,11680565,청담동,24535,11449,13086,3849,3131,3696,4401,3973,5485,2074,1435,1595,1986,1847,2512,1775,1696,2101,2415,2126,2973,10790
20242,11740530,명일1동,25279,12363,12916,4369,2720,3749,4145,3901,6395,2302,1410,1845,1996,1890,2920,2067,1310,1904,2149,2011,3475,10027
20242,11710690,잠실4동,21192,10213,10979,4930,1852,2399,4442,3132,4437,2566,916,1000,2108,1542,2081,2364,936,1399,2334,1590,2356,7231
20242,11350710,상계9동,19664,9212,10452,2759,2386,2669,2975,3517,5358,1424,1221,1335,1386,1595,2251,1335,1165,1334,1589,1922,3107,8358
20242,11305608,번3동,16356,7614,8742,1795,1693,1605,2139,2765,6359,903,865,821,1065,1370,2590,892,828,784,1074,1395,3769,7665
20242,11530540,구로3동,23287,12033,11254,2277,4387,4623,3707,3168,5125,1182,2176,2624,2014,1717,2320,1095,2211,1999,1693,1451,2805,13633
20242,11710590,송파2동,18476,8909,9567,2965,2336,2638,2935,2929,4673,1502,1110,1255,1444,1390,2208,1463,1226,1383,1491,1539,2465,7095
20242,11590550,상도3동,23844,11339,12505,2273,4063,3842,3224,3734,6708,1181,1858,1972,1603,1787,2938,1092,2205,1870,1621,1947,3770,12158
20242,11710610,삼전동,29062,13547,15515,2820,4764,6320,4660,4135,6363,1461,2110,3017,2246,1947,2766,1359,2654,3303,2414,2188,3597,16117
20242,11710532,거여2동,23596,11502,12094,3534,2477,3477,3649,3992,6467,1819,1260,1742,1833,1933,2915,1715,1217,1735,1816,2059,3552,10093
20242,11290810,석관동,33768,16684,17084,3630,4580,4600,4597,5650,10711,1912,2202,2398,2389,2833,4950,1718,2378,2202,2208,2817,5761,16597
20242,11290705,종암동,37648,18608,19040,5498,5426,4572,5812,6302,10038,2952,2834,2411,2827,3132,4452,2546,2592,2161,2985,3170,5586,17012
20242,11620655,신원동,17484,8937,8547,1072,4165,3321,2054,2330,4542,516,2106,2018,1100,1213,1984,556,2059,1303,954,1117,2558,11158
20242,11440585,도화동,20443,9697,10746,2696,2579,3498,2876,3292,5502,1398,1207,1717,1414,1534,2427,1298,1372,1781,1462,1758,3075,9219
20242,11260520,면목2동,23580,11697,11883,2277,2917,3417,3211,4445,7313,1165,1417,1781,1707,2245,3382,1112,1500,1636,1504,2200,3931,12221
20242,11590560,상도4동,27609,13396,14213,2921,4191,4518,3888,4345,7746,1541,2011,2349,2004,2068,3423,1380,2180,2169,1884,2277,4323,14048
20242,11590640,사당3동,23686,11429,12257,3299,2990,3605,3634,3482,6676,1684,1400,1713,1846,1680,3106,1615,1590,1892,1788,1802,3570,10442
20242,11620595,청룡동,35627,17102,18525,2496,11517,7376,3799,3839,6600,1205,5126,3882,1956,1952,2981,1291,6391,3494,1843,1887,3619,24083
20242,11290660,길음1동,34792,16426,18366,7906,3417,3683,7214,5810,6762,3941,1638,1646,3327,3045,2829,3965,1779,2037,3887,2765,3933,12458
20242,11290525,성북동,15875,7372,8503,1672,2533,2486,2202,2730,4252,852,1127,1210,1036,1273,1874,820,1406,1276,1166,1457,2378,8108
20242,11440720,성산1동,18543,8632,9911,1968,3017,3275,2964,2958,4361,931,1402,1584,1404,1444,1867,1037,1615,1691,1560,1514,2494,9475
20242,11290555,삼선동,22125,10481,11644,2473,4178,3060,2974,3789,5651,1264,1869,1503,1462,1907,2476,1209,2309,1557,1512,1882,3175,11391
20242,11620775,난곡동,25257,12654,12603,2430,3557,3407,3357,4375,8131,1236,1795,1868,1836,2178,3741,1194,1762,1539,1521,2197,4390,12782
20242,11260610,중화2동,23768,12182,11586,1842,3254,3585,3023,4241,7823,1006,1588,1903,1657,2228,3800,836,1666,1682,1366,2013,4023,13441
20242,11215750,중곡2동,20512,9636,10876,2069,3304,3661,2825,3343,5310,1053,1474,1777,1388,1528,2416,1016,1830,1884,1437,1815,2894,10569
20242,11290620,정릉1동,17732,8501,9231,2848,2228,2325,2923,2859,4549,1470,1082,1135,1429,1389,1996,1378,1146,1190,1494,1470,2553,7342
20242,11530790,수궁동,22707,11115,11592,2938,2615,2913,3392,3789,7060,1550,1379,1474,1705,1794,3213,1388,1236,1439,1687,1995,3847,9939
20242,11560700,대림1동,13711,6805,6906,1441,1798,1785,1826,2344,4517,792,898,972,983,1124,2036,649,900,813,843,1220,2481,6855
20242,11470560,신월1동,19365,9957,9408,1836,2238,2462,2677,3485,6667,951,1132,1379,1480,1803,3212,885,1106,1083,1197,1682,3455,10008
20242,11470540,목4동,24428,11899,12529,3976,3730,2695,3867,4890,5270,2049,1953,1381,1723,2424,2369,1927,1777,1314,2144,2466,2901,9964
20242,11500590,화곡본동,32956,15959,16997,3601,5536,6108,5100,4798,7813,1889,2518,3225,2627,2316,3384,1712,3018,2883,2473,2482,4429,17412
20242,11530595,가리봉동,8713,4797,3916,403,1587,1426,892,1567,2838,222,812,907,517,913,1426,181,775,519,375,654,1412,5988
20242,11320690,방학1동,27745,13722,14023,3234,3491,3050,3788,5097,9085,1657,1718,1592,1916,2548,4291,1577,1773,1458,1872,2549,4794,12911
20242,11530510,신도림동,35977,17321,18656,6560,4183,5844,6488,5387,7515,3327,1918,2724,3130,2651,3571,3233,2265,3120,3358,2736,3944,14249
20242,11215740,중곡1동,15218,7204,8014,1230,2805,3048,1945,2312,3878,632,1127,1502,1038,1125,1780,598,1678,1546,907,1187,2098,8644
20242,11170510,후암동,16020,7744,8276,1795,2223,2747,2311,2626,4318,946,1085,1439,1120,1287,1867,849,1138,1308,1191,1339,2451,8265
20242,11215847,자양4동,19815,9797,10018,1688,3243,3332,2560,3149,5843,842,1547,1748,1331,1625,2704,846,1696,1584,1229,1524,3139,10929
20242,11590651,사당5동,14118,6733,7385,1744,1987,2508,2161,2141,3577,892,903,1242,1096,1027,1573,852,1084,1266,1065,1114,2004,6685
20242,11740640,성내1동,19392,9277,10115,2902,2484,2971,3248,2960,4827,1500,1192,1407,1575,1406,2197,1402,1292,1564,1673,1554,2630,8213
20242,11680545,압구정동,26119,12090,14029,4614,2812,2812,4414,4347,7120,2227,1332,1202,2000,2108,3221,2387,1480,1610,2414,2239,3899,10177
20242,11560670,신길5동,9947,4806,5141,1381,1074,1328,1490,1623,3051,691,523,669,771,795,1357,690,551,659,719,828,1694,4562
20242,11140615,신당동,7385,3600,3785,462,1299,1301,966,1192,2165,208,548,652,511,647,1034,254,751,649,455,545,1131,4680
20242,11170650,이태원1동,6015,3013,3002,440,862,1139,785,893,1896,220,475,651,411,416,840,220,387,488,374,477,1056,3435
20242,11200660,성수1가2동,11932,5820,6112,1337,1762,2314,1721,1844,2954,684,847,1142,830,931,1386,653,915,1172,891,913,1568,5899
20242,11710570,오금동,37341,18034,19307,5202,4669,5043,5341,6555,10531,2719,2407,2481,2576,3006,4845,2483,2262,2562,2765,3549,5686,15582
20242,11530760,개봉3동,19544,9486,10058,2153,2163,2439,2872,3410,6507,1071,1131,1284,1464,1636,2900,1082,1032,1155,1408,1774,3607,8664
20242,11530780,오류2동,37281,17771,19510,6048,4179,4524,5966,5977,10587,3079,2074,2193,2931,2847,4647,2969,2105,2331,3035,3130,5940,15714
20242,11680590,삼성2동,30579,14671,15908,5521,3838,4647,6146,5012,5415,3013,1795,2086,2747,2550,2480,2508,2043,2561,3399,2462,2935,13824
20242,11410655,홍제2동,13186,6166,7020,1523,1559,1871,1680,2414,4139,786,740,927,801,1119,1793,737,819,944,879,1295,2346,5752
20242,11710641,문정1동,19502,9647,9855,2438,2819,3305,2734,3098,5108,1269,1413,1696,1389,1433,2447,1169,1406,1609,1345,1665,2661,8497
20242,11440660,서교동,24037,10999,13038,1635,5914,5368,3403,3103,4614,801,2535,2555,1610,1482,2016,834,3379,2813,1793,1621,2598,15244
20242,11200720,송정동,9719,5095,4624,857,1443,1547,1314,1704,2854,465,712,854,731,911,1422,392,731,693,583,793,1432,5365
20242,11230600,답십리1동,27834,13376,14458,4184,3822,4851,4651,4043,6283,2126,1689,2278,2374,2005,2904,2058,2133,2573,2277,2038,3379,12866
20242,11200645,옥수동,25399,11775,13624,3895,2444,4547,4429,3813,6271,1930,1143,2043,2163,1787,2709,1965,1301,2504,2266,2026,3562,10753
20242,11650660,내곡동,17000,8222,8778,2978,1636,2294,2922,2424,4746,1530,839,1070,1447,1169,2167,1448,797,1224,1475,1255,2579,7047
20242,11530750,개봉2동,29724,14398,15326,3680,3251,3930,4387,4747,9729,1864,1598,1963,2241,2295,4437,1816,1653,1967,2146,2452,5292,12314
20242,11230660,장안2동,32376,16042,16334,5322,3614,4637,5737,5003,8063,2817,1806,2321,2898,2502,3698,2505,1808,2316,2839,2501,4365,14170
20242,11650540,잠원동,26800,12898,13902,5125,3295,3328,4910,4879,5263,2649,1648,1503,2236,2437,2425,2476,1647,1825,2674,2442,2838,10729
20242,11380632,신사2동,18907,9370,9537,2190,2440,2592,2704,3220,5761,1191,1269,1334,1379,1573,2624,999,1171,1258,1325,1647,3137,8700
20242,11710566,오륜동,17799,8725,9074,3619,1925,1601,3036,3015,4603,1962,1032,698,1341,1469,2223,1657,893,903,1695,1546,2380,5896
20242,11350700,상계8동,21848,10388,11460,3644,2362,4739,3591,3102,4410,1839,1172,2348,1737,1452,1840,1805,1190,2391,1854,1650,2570,9129
20242,11320522,도봉2동,25990,12683,13307,2824,2705,3335,3398,4204,9524,1447,1384,1689,1779,2024,4360,1377,1321,1646,1619,2180,5164,11766
20242,11350720,상계10동,18184,8356,9828,2697,2279,2871,2783,3188,4366,1366,1065,1371,1291,1420,1843,1331,1214,1500,1492,1768,2523,7648
20242,11305555,송천동,24748,12287,12461,2087,2986,2909,3147,4586,9033,1058,1508,1572,1654,2327,4168,1029,1478,1337,1493,2259,4865,13030
20242,11410640,홍제3동,17665,8453,9212,2103,2224,2424,2312,3090,5512,1077,1108,1198,1173,1508,2389,1026,1116,1226,1139,1582,3123,7996
20242,11620735,대학동,24237,14808,9429,1459,6378,5009,3401,3295,4695,752,3815,3441,2293,2154,2353,707,2563,1568,1108,1141,2342,17409
20242,11710550,마천2동,17575,8982,8593,1634,2032,1978,2304,3268,6359,835,1135,1114,1238,1651,3009,799,897,864,1066,1617,3350,8507
20242,11710600,석촌동,30682,14536,16146,2809,5023,6745,4605,4370,7130,1419,2187,3287,2285,2098,3260,1390,2836,3458,2320,2272,3870,16996
20242,11650600,방배1동,16479,7678,8801,2228,2161,2666,2736,2463,4225,1150,1028,1218,1238,1139,1905,1078,1133,1448,1498,1324,2320,7461
20242,11620645,서원동,22908,12012,10896,1251,6434,5015,2651,2699,4858,661,3288,3009,1511,1321,2222,590,3146,2006,1140,1378,2636,15098
20242,11620665,서림동,23319,12975,10344,1537,5561,4791,3106,2996,5328,783,3141,3018,1882,1636,2515,754,2420,1773,1224,1360,2813,15153
20242,11260600,중화1동,18698,9211,9487,2064,2332,2956,2591,3007,5748,1042,1146,1536,1390,1439,2658,1022,1186,1420,1201,1568,3090,8901
20242,11680640,역삼1동,34082,16650,17432,2143,6658,9612,6069,4191,5409,1080,2810,4834,3106,2237,2583,1063,3848,4778,2963,1954,2826,23535
20242,11260655,망우본동,36438,17968,18470,4656,4442,6133,5059,5632,10516,2315,2037,3128,2666,2835,4987,2341,2405,3005,2393,2797,5529,18113
20242,11380520,불광1동,37509,17625,19884,4225,4651,5222,5340,6443,11628,2198,2193,2571,2609,3033,5021,2027,2458,2651,2731,3410,6607,17726
20242,11710561,방이1동,15091,7264,7827,2333,2083,2125,2358,2580,3612,1158,1043,1064,1096,1206,1697,1175,1040,1061,1262,1374,1915,6092
20242,11470600,신월5동,13979,6915,7064,1821,1815,1906,2083,2344,4010,958,900,1031,1043,1134,1849,863,915,875,1040,1210,2161,6352
20242,11560710,대림2동,11730,5740,5990,829,1815,1841,1392,1933,3920,414,895,987,743,979,1722,415,920,854,649,954,2198,6886
20242,11680690,개포4동,23151,11149,12002,3687,2869,3580,3762,3942,5311,1824,1445,1725,1797,1880,2478,1863,1424,1855,1965,2062,2833,10010
20242,11215770,중곡4동,27499,13389,14110,2662,3932,4025,3552,5090,8238,1386,1967,2097,1782,2372,3785,1276,1965,1928,1770,2718,4453,13022
20242,11500540,화곡1동,50743,24632,26111,4171,8918,10251,7286,7176,12941,2107,3937,5501,3794,3489,5804,2064,4981,4750,3492,3687,7137,28118
20242,11110515,청운효자동,11328,5174,6154,1676,1401,1510,1884,1911,2946,865,685,676,823,867,1258,811,716,834,1061,1044,1688,5040
20242,11110690,창신3동,6338,3119,3219,706,826,903,799,1177,1927,366,430,457,403,570,893,340,396,446,396,607,1034,2767
20242,11560540,여의동,33346,15644,17702,5267,3636,4891,5320,5307,8925,2653,1669,2225,2487,2546,4064,2614,1967,2666,2833,2761,4861,13895
20242,11530530,구로2동,22380,11215,11165,1783,2819,2668,2758,4223,8129,906,1417,1492,1479,2190,3731,877,1402,1176,1279,2033,4398,12099
20242,11680521,논현1동,20996,9908,11088,1371,3852,5204,3624,2772,4173,675,1714,2576,1695,1366,1882,696,2138,2628,1929,1406,2291,13524
20242,11680730,일원1동,14550,7048,7502,1576,1946,2115,2008,2140,4765,858,954,1080,1058,1028,2070,718,992,1035,950,1112,2695,7432
20242,11500630,방화1동,41828,20397,21431,7374,4497,5808,7134,6376,10639,3681,2218,2826,3561,3204,4907,3693,2279,2982,3573,3172,5732,17118
20242,11200615,금호2?3가동,21946,10443,11503,2829,2463,3779,3570,3530,5775,1450,1223,1831,1765,1676,2498,1379,1240,1948,1805,1854,3277,9888
20242,11140550,명동,2392,988,1404,162,233,286,339,437,935,83,102,141,139,187,336,79,131,145,200,250,599,1191
20242,11470590,신월4동,17445,8478,8967,2650,1940,2047,2818,2796,5194,1353,1035,1017,1420,1316,2337,1297,905,1030,1398,1480,2857,6839
20242,11230545,제기동,22962,11776,11186,1961,4356,2975,2601,3464,7605,1013,2305,1676,1434,1851,3497,948,2051,1299,1167,1613,4108,12981
20242,11380551,갈현1동,14470,7022,7448,1417,2099,2044,1968,2507,4435,780,1002,1088,993,1198,1961,637,1097,956,975,1309,2474,7340
20242,11260550,면목5동,14564,7254,7310,2166,1503,2461,2370,2359,3705,1092,770,1239,1261,1172,1720,1074,733,1222,1109,1187,1985,6400
20242,11620725,조원동,19598,9785,9813,1498,4367,4401,2410,2461,4461,760,1921,2348,1302,1299,2155,738,2446,2053,1108,1162,2306,12203
20242,11500611,발산1동,35643,16815,18828,7192,4277,3772,6448,6052,7902,3577,2108,1789,3013,2922,3406,3615,2169,1983,3435,3130,4496,13557
20242,11140590,광희동,5676,2808,2868,307,1154,1222,673,758,1562,159,454,650,345,416,784,148,700,572,328,342,778,3859
20242,11290600,안암동,14869,7492,7377,1094,5477,2031,1398,1902,2967,576,2817,1147,710,931,1311,518,2660,884,688,971,1656,9778
20242,11320670,쌍문2동,17905,8522,9383,1919,2161,2304,2455,3145,5921,1019,1072,1206,1250,1458,2517,900,1089,1098,1205,1687,3404,8451
20242,11170640,이촌2동,7870,3699,4171,869,833,1272,1131,1294,2471,425,418,640,551,626,1039,444,415,632,580,668,1432,3591
20242,11470610,신월6동,13867,6764,7103,2649,1421,2209,2369,2064,3155,1333,712,1050,1222,997,1450,1316,709,1159,1147,1067,1705,5367
20242,11710642,문정2동,28782,13195,15587,2904,4676,7307,4456,3472,5967,1440,1801,3302,2126,1668,2858,1464,2875,4005,2330,1804,3109,15844
20242,11350580,월계3동,28721,13754,14967,3604,3167,4255,4140,4550,9005,1901,1564,2158,2094,2172,3865,1703,1603,2097,2046,2378,5140,12872
20242,11500604,가양2동,13460,6313,7147,815,1307,2213,1362,1635,6128,434,570,1093,677,784,2755,381,737,1120,685,851,3373,8004
20242,11710680,잠실3동,33805,15960,17845,6578,3530,3519,6057,5459,8662,3272,1716,1492,2781,2674,4025,3306,1814,2027,3276,2785,4637,11814
20242,11410710,북가좌1동,17563,8389,9174,3067,1862,2117,2988,3001,4528,1608,899,980,1408,1495,1999,1459,963,1137,1580,1506,2529,6782
20242,11290770,장위2동,13080,6397,6683,1253,1748,1781,1629,2262,4407,650,854,919,876,1143,1955,603,894,862,753,1119,2452,6575
20242,11230536,용신동,38362,18958,19404,3880,6996,7010,5542,5577,9357,1971,3141,3504,2942,2924,4476,1909,3855,3506,2600,2653,4881,21655
20242,11650530,서초3동,31862,15138,16724,4233,5226,5306,4770,5156,7171,2285,2321,2452,2166,2550,3364,1948,2905,2854,2604,2606,3807,15194
20242,11740610,천호2동,32694,15924,16770,3070,4613,6011,4701,5084,9215,1569,2099,3053,2408,2498,4297,1501,2514,2958,2293,2586,4918,17419
20242,11380510,녹번동,36092,16943,19149,4214,4495,5670,5379,5807,10527,2055,2091,2752,2745,2767,4533,2159,2404,2918,2634,3040,5994,17617
20242,11260660,망우3동,15615,7869,7746,1418,1977,1954,1959,3002,5305,686,992,1066,1044,1503,2578,732,985,888,915,1499,2727,8150
20242,11440630,신수동,22046,10753,11293,3231,3303,3353,3486,3769,4904,1676,1715,1632,1655,1871,2204,1555,1588,1721,1831,1898,2700,9989
20242,11290715,월곡1동,25580,12324,13256,4029,2818,3214,4144,4342,7033,2015,1322,1595,2052,2170,3170,2014,1496,1619,2092,2172,3863,10775
20242,11590680,신대방2동,22684,10857,11827,3307,3677,3873,3490,3231,5106,1680,1686,1885,1710,1580,2316,1627,1991,1988,1780,1651,2790,10901
20242,11290780,장위3동,15519,7611,7908,2784,1948,2233,2635,2529,3390,1405,947,1076,1350,1245,1588,1379,1001,1157,1285,1284,1802,6445
20242,11380690,진관동,54368,25288,29080,10415,6706,6109,9196,9113,12829,5374,2925,2553,4158,4500,5778,5041,3781,3556,5038,4613,7051,21360
20242,11380625,역촌동,43767,20483,23284,4868,5864,5966,6675,7550,12844,2439,2804,2897,3284,3534,5525,2429,3060,3069,3391,4016,7319,20617
20242,11740620,천호3동,25969,12529,13440,2197,4210,5030,3486,3867,7179,1133,1782,2441,1810,1966,3397,1064,2428,2589,1676,1901,3782,14368
20242,11440700,망원2동,17917,8341,9576,2213,2552,2870,2842,2916,4524,1135,1123,1346,1365,1413,1959,1078,1429,1524,1477,1503,2565,8348
20242,11305595,번1동,17358,8652,8706,1339,2827,2519,2518,2901,5254,672,1323,1359,1386,1510,2402,667,1504,1160,1132,1391,2852,10159
20242,11470530,목3동,21206,10060,11146,2379,3090,3786,2997,3368,5586,1265,1485,1845,1444,1519,2502,1114,1605,1941,1553,1849,3084,10074
20242,11530770,오류1동,22559,10732,11827,2051,4022,4550,2980,3031,5925,1022,1640,2288,1531,1516,2735,1029,2382,2262,1449,1515,3190,12645
20242,11740650,성내2동,23452,11433,12019,1873,3921,4390,3062,3447,6759,986,1657,2269,1606,1749,3166,887,2264,2121,1456,1698,3593,13395
20242,11545630,독산3동,23433,11747,11686,1819,3579,3643,2766,4214,7412,910,1751,2030,1501,2044,3511,909,1828,1613,1265,2170,3901,12776
20242,11170560,원효로1동,16956,7874,9082,2035,2849,4187,2648,2178,3059,1053,1083,1956,1293,1079,1410,982,1766,2231,1355,1099,1649,9246
20242,11530560,구로5동,28952,14052,14900,2914,4871,5547,3904,4379,7337,1488,2093,2812,2039,2188,3432,1426,2778,2735,1865,2191,3905,15519
20242,11500593,화곡8동,23468,11313,12155,2351,3535,3798,3576,3586,6622,1204,1690,2003,1867,1684,2865,1147,1845,1795,1709,1902,3757,11692
20242,11170555,청파동,18842,8750,10092,1460,4040,3339,2305,2991,4707,717,1526,1783,1168,1491,2065,743,2514,1556,1137,1500,2642,11116
20242,11560620,양평2동,22288,10893,11395,2856,3622,5349,3276,3043,4142,1460,1610,2673,1636,1565,1949,1396,2012,2676,1640,1478,2193,10913
20242,11410720,북가좌2동,30673,14859,15814,3326,4272,4121,4325,5190,9439,1717,2125,2161,2184,2476,4196,1609,2147,1960,2141,2714,5243,14579
20242,11545640,독산4동,14511,7266,7245,1272,1921,2009,1717,2876,4716,622,974,1076,906,1443,2245,650,947,933,811,1433,2471,7557
20242,11110640,이화동,6891,3277,3614,487,1496,1219,792,1000,1897,254,686,604,402,490,841,233,810,615,390,510,1056,4206
20242,11110615,종로1?2?3?4가동,6658,4029,2629,369,944,974,835,1117,2419,197,456,574,512,761,1529,172,488,400,323,356,890,4883
20242,11560535,영등포동,29839,15326,14513,1900,7604,8392,3528,3320,5095,952,3066,4449,1993,2021,2845,948,4538,3943,1535,1299,2250,21204
20242,11260690,신내2동,19675,9292,10383,2434,2125,2704,2785,3320,6307,1225,1062,1331,1400,1545,2729,1209,1063,1373,1385,1775,3578,8897
20242,11560680,신길6동,19493,9518,9975,2487,2892,3304,2786,2955,5069,1352,1351,1622,1452,1432,2309,1135,1541,1682,1334,1523,2760,9265
20242,11140665,동화동,9941,4786,5155,1332,1138,1278,1416,1801,2976,687,556,634,690,853,1366,645,582,644,726,948,1610,3987
20242,11410520,천연동,16547,7796,8751,2273,1936,2301,2399,2915,4723,1130,932,1103,1149,1427,2055,1143,1004,1198,1250,1488,2668,7609
20242,11440680,합정동,16310,7512,8798,1356,3011,3574,2448,2205,3716,668,1309,1701,1195,1002,1637,688,1702,1873,1253,1203,2079,9188
20242,11440740,상암동,29662,13937,15725,5608,4228,3533,5087,5046,6160,2865,1834,1629,2369,2534,2706,2743,2394,1904,2718,2512,3454,12700
20242,11740580,암사2동,14825,7158,7667,2123,1760,2621,2306,2266,3749,1094,823,1282,1167,1082,1710,1029,937,1339,1139,1184,2039,6375
20242,11215870,구의3동,27836,13145,14691,3858,4079,4489,4065,4687,6658,1909,1868,2168,1909,2228,3063,1949,2211,2321,2156,2459,3595,12048
20242,11650580,반포3동,23761,11271,12490,5151,2582,2533,4499,4268,4728,2632,1260,1128,1973,2176,2102,2519,1322,1405,2526,2092,2626,8199
20242,11215810,광장동,33964,16438,17526,7792,3846,3310,6841,6054,6121,4000,1911,1494,3076,3054,2903,3792,1935,1816,3765,3000,3218,11851
20242,11680600,대치1동,23878,11957,11921,6872,2275,1337,5333,4121,3940,3792,1172,563,2262,2256,1912,3080,1103,774,3071,1865,2028,7218
20242,11530730,고척2동,25749,12684,13065,3300,3084,3007,3629,4710,8019,1693,1564,1543,1802,2352,3730,1607,1520,1464,1827,2358,4289,11447
20242,11200590,금호1가동,14750,7024,7726,2106,1524,2315,2474,2321,4010,1088,737,1083,1276,1104,1736,1018,787,1232,1198,1217,2274,6503
20242,11410615,연희동,33724,16100,17624,3331,7365,5355,4424,4927,8322,1671,3700,2674,2130,2314,3611,1660,3665,2681,2294,2613,4711,18420
20242,11440590,용강동,21098,9951,11147,3985,1997,3386,4218,3157,4355,1980,909,1533,1990,1605,1934,2005,1088,1853,2228,1552,2421,9236
20242,11440555,아현동,28335,13175,15160,4932,3170,5561,4986,4207,5479,2368,1350,2486,2506,2003,2462,2564,1820,3075,2480,2204,3017,11924
20242,11320681,쌍문4동,18061,8536,9525,2733,2180,2113,2651,3212,5172,1440,1107,996,1249,1435,2309,1293,1073,1117,1402,1777,2863,7093
20242,11170530,남영동,6819,4160,2659,353,767,1006,842,1451,2400,194,339,550,513,994,1570,159,428,456,329,457,830,4845
20242,11530800,항동,16335,7906,8429,3938,1379,3015,3308,1830,2865,1988,670,1336,1748,864,1300,1950,709,1679,1560,966,1565,6252
20242,11590650,사당4동,13771,6587,7184,1226,2307,2363,1912,1984,3979,635,1053,1227,986,954,1732,591,1254,1136,926,1030,2247,7233
20242,11110570,무악동,7963,3652,4311,1473,823,813,1301,1434,2119,630,387,379,610,716,930,843,436,434,691,718,1189,3007
20242,11680656,도곡2동,32648,15135,17513,7204,3520,3007,6127,5568,7222,3363,1568,1279,2682,2771,3472,3841,1952,1728,3445,2797,3750,11471
20242,11680750,수서동,14026,6312,7714,1011,1134,1895,1573,1854,6559,494,578,951,798,843,2648,517,556,944,775,1011,3911,7719
20242,11680720,일원본동,22796,11239,11557,5022,2258,2549,4257,3663,5047,2895,1173,1177,1911,1777,2306,2127,1085,1372,2346,1886,2741,7994
20242,11305575,삼각산동,30604,14688,15916,6040,3295,3197,5643,5510,6919,3112,1629,1510,2687,2762,2988,2928,1666,1687,2956,2748,3931,11515
20242,11740540,명일2동,17034,8298,8736,3313,2117,1797,2939,2672,4196,1797,1015,850,1299,1332,2005,1516,1102,947,1640,1340,2191,6424
20242,11140570,필동,4012,2085,1927,336,748,697,476,567,1188,176,371,378,257,328,575,160,377,319,219,239,613,2495
20242,11260630,묵2동,18004,8791,9213,1811,2385,2649,2549,3090,5520,933,1160,1356,1307,1520,2515,878,1225,1293,1242,1570,3005,9142
20242,11140680,중림동,12142,5940,6202,1646,1368,2109,2066,1828,3125,866,587,958,1102,940,1487,780,781,1151,964,888,1638,5937
20241,11740590,암사3동,17136,8416,8720,3437,1763,2030,3124,2594,4188,1811,890,943,1520,1275,1977,1626,873,1087,1604,1319,2211,6078
20241,11740520,상일동,39307,19334,19973,9332,3437,5097,8026,5494,7921,4772,1726,2319,3983,2720,3814,4560,1711,2778,4043,2774,4107,13601
20241,11590510,노량진1동,32005,16255,15750,3388,5723,5768,4068,4572,8486,1747,3044,3276,2172,2296,3720,1641,2679,2492,1896,2276,4766,16917
20241,11560550,당산1동,20951,10105,10846,1865,3681,4911,2670,2884,4940,947,1533,2518,1369,1468,2270,918,2148,2393,1301,1416,2670,11632
20241,11470550,목5동,40702,20159,20543,10213,3947,3450,8541,6786,7765,5574,2006,1555,3792,3495,3737,4639,1941,1895,4749,3291,4028,13447
20241,11320514,창4동,26168,12513,13655,3711,3414,3341,3902,4742,7058,1907,1656,1653,1858,2204,3235,1804,1758,1688,2044,2538,3823,10984
20241,11110710,숭인2동,9499,4638,4861,483,2234,1740,1013,1536,2493,227,859,890,547,835,1280,256,1375,850,466,701,1213,6369
20241,11110530,사직동,8992,3989,5003,1122,1044,1412,1407,1477,2530,510,440,632,611,680,1116,612,604,780,796,797,1414,4532
20241,11170570,원효로2동,13626,6396,7230,1710,1909,2315,1973,2222,3497,776,842,1138,987,1083,1570,934,1067,1177,986,1139,1927,6245
20241,11545670,시흥1동,32115,15959,16156,3415,4325,4825,4376,5529,9645,1800,2136,2539,2286,2771,4427,1615,2189,2286,2090,2758,5218,16342
20241,11470570,신월2동,20779,10130,10649,2995,2437,2722,3270,3235,6120,1500,1246,1358,1669,1584,2773,1495,1191,1364,1601,1651,3347,8702
20241,11350600,공릉2동,41435,20163,21272,7053,6862,5438,6599,6387,9096,3643,3362,2693,3179,3130,4156,3410,3500,2745,3420,3257,4940,17741
20241,11170660,이태원2동,8657,4044,4613,767,1192,1695,1293,1247,2463,370,605,850,634,568,1017,397,587,845,659,679,1446,4845
20241,11710646,장지동,28473,13711,14762,4331,3521,4383,4387,4637,7214,2192,1799,2173,2194,2141,3212,2139,1722,2210,2193,2496,4002,12055
20241,11650570,반포2동,23322,11070,12252,5945,2189,2186,4645,3835,4522,2970,1043,901,2069,2012,2075,2975,1146,1285,2576,1823,2447,7603
20241,11350570,월계2동,25485,12230,13255,3245,2758,2828,3747,4300,8607,1680,1420,1408,1897,2107,3718,1565,1338,1420,1850,2193,4889,11694
20241,11620765,미성동,29526,14465,15061,3333,4339,4111,4090,4825,8828,1680,2109,2204,2088,2337,4047,1653,2230,1907,2002,2488,4781,14233
20241,11380650,수색동,20440,9936,10504,3213,2561,3587,2992,3554,4533,1616,1289,1750,1521,1717,2043,1597,1272,1837,1471,1837,2490,8249
20241,11350625,중계2?3동,32502,14828,17674,4195,3658,3820,4805,5565,10459,2088,1801,1884,2319,2622,4114,2107,1857,1936,2486,2943,6345,14980
20241,11110580,교남동,9715,4456,5259,1530,1142,1407,1697,1622,2317,741,521,639,785,789,981,789,621,768,912,833,1336,4341
20241,11350612,하계2동,21306,10129,11177,3682,2596,2462,3461,3825,5280,1905,1356,1168,1602,1825,2273,1777,1240,1294,1859,2000,3007,8207
20241,11350621,중계1동,26318,12840,13478,6900,2811,1858,5725,4881,4143,3691,1467,829,2470,2516,1867,3209,1344,1029,3255,2365,2276,8923
20241,11230610,답십리2동,27467,13247,14220,3293,3181,4231,3775,4588,8399,1605,1584,2158,1912,2237,3751,1688,1597,2073,1863,2351,4648,12454
20241,11710520,풍납2동,23552,11093,12459,3408,3330,3689,3709,3552,5864,1727,1415,1735,1817,1709,2690,1681,1915,1954,1892,1843,3174,10513
20241,11260590,상봉2동,20258,9631,10627,1387,4154,4749,2415,2869,4684,702,1649,2314,1283,1453,2230,685,2505,2435,1132,1416,2454,12531
20241,11650590,방배본동,20401,9406,10995,3930,2442,2230,3630,3553,4616,1855,1101,998,1601,1740,2111,2075,1341,1232,2029,1813,2505,7917
20241,11230710,회기동,10313,4883,5430,996,3406,1479,1160,1219,2053,494,1536,797,565,630,861,502,1870,682,595,589,1192,6575
20241,11320700,방학2동,18535,9360,9175,1901,2134,1972,2338,3524,6666,986,1159,1103,1212,1791,3109,915,975,869,1126,1733,3557,9126
20241,11260565,면목본동,32648,16095,16553,2811,4744,5276,4441,5854,9522,1442,2267,2771,2364,2912,4339,1369,2477,2505,2077,2942,5183,17709
20241,11650510,서초1동,20154,9749,10405,2980,2660,3273,3563,3167,4511,1582,1323,1544,1633,1558,2109,1398,1337,1729,1930,1609,2402,9392
20241,11710632,가락2동,31181,15186,15995,5254,4005,4610,5066,5110,7136,2728,1978,2264,2444,2461,3311,2526,2027,2346,2622,2649,3825,12362
20241,11680531,논현2동,20369,9434,10935,2079,3161,4071,3605,3040,4413,1050,1386,1859,1712,1436,1991,1029,1775,2212,1893,1604,2422,11204
20241,11650610,방배2동,18010,8404,9606,2442,2281,2679,2744,2828,5036,1218,1131,1237,1272,1301,2245,1224,1150,1442,1472,1527,2791,7831
20241,11305645,우이동,19766,9445,10321,2065,2304,2383,2607,3519,6888,1050,1073,1244,1355,1697,3026,1015,1231,1139,1252,1822,3862,9518
20241,11290760,장위1동,23354,11327,12027,3194,3016,3150,3511,4103,6380,1585,1488,1621,1808,1948,2877,1609,1528,1529,1703,2155,3503,10588
20241,11230730,휘경2동,24158,12015,12143,2811,5838,3023,3127,3560,5799,1391,3026,1613,1582,1781,2622,1420,2812,1410,1545,1779,3177,12643
20241,11350619,중계본동,23040,11163,11877,5334,2899,1645,4258,4637,4267,2719,1456,803,1845,2324,2016,2615,1443,842,2413,2313,2251,8133
20241,11380580,응암1동,32659,15258,17401,4871,4200,5235,5463,5059,7831,2500,1812,2497,2671,2457,3321,2371,2388,2738,2792,2602,4510,15086
20241,11305625,수유2동,20502,9717,10785,2064,2590,2319,2733,3547,7249,1076,1186,1245,1410,1682,3118,988,1404,1074,1323,1865,4131,9767
20241,11320512,창2동,28172,13658,14514,3392,3737,3782,4103,4947,8211,1737,1841,1919,2095,2330,3736,1655,1896,1863,2008,2617,4475,12509
20241,11305535,미아동,20841,9966,10875,1702,3520,2708,2628,3535,6748,904,1477,1474,1342,1747,3022,798,2043,1234,1286,1788,3726,11645
20241,11230720,휘경1동,13580,6428,7152,1420,3601,2055,1613,1886,3005,698,1505,1093,827,907,1398,722,2096,962,786,979,1607,7552
20241,11410700,남가좌2동,29083,14033,15050,4681,4083,4081,4720,4487,7031,2367,1986,1979,2379,2203,3119,2314,2097,2102,2341,2284,3912,13349
20241,11140670,황학동,12685,5986,6699,1103,2172,2968,1817,1685,2940,562,881,1456,926,818,1343,541,1291,1512,891,867,1597,7419
20241,11560585,도림동,17562,8900,8662,1605,2542,3250,2425,2902,4838,834,1234,1723,1293,1533,2283,771,1308,1527,1132,1369,2555,9621
20241,11215730,군자동,19048,9394,9654,1577,4259,3440,2476,2640,4656,826,2050,1785,1249,1328,2156,751,2209,1655,1227,1312,2500,11293
20241,11545510,가산동,24622,13262,11360,1183,6982,6580,2804,2716,4357,593,3140,3964,1719,1598,2248,590,3842,2616,1085,1118,2109,18077
20241,11380631,신사1동,26462,12698,13764,2997,3592,3776,3864,4436,7797,1530,1796,1915,1930,2094,3433,1467,1796,1861,1934,2342,4364,12059
20241,11215710,화양동,24821,11760,13061,1242,10467,4995,2328,2294,3495,569,4475,2584,1249,1238,1645,673,5992,2411,1079,1056,1850,18696
20241,11470650,신정4동,31687,15407,16280,3158,4945,4794,4564,5229,8997,1622,2327,2520,2311,2538,4089,1536,2618,2274,2253,2691,4908,16216
20241,11170685,한남동,17711,8532,9179,2037,2037,3193,2924,2831,4689,1059,1018,1548,1469,1337,2101,978,1019,1645,1455,1494,2588,9323
20241,11110650,혜화동,15833,7605,8228,1689,4273,2038,1904,2304,3625,833,2111,1077,919,1094,1571,856,2162,961,985,1210,2054,9092
20241,11320513,창3동,13163,6549,6614,1407,1487,1503,1893,2437,4436,758,776,813,984,1209,2009,649,711,690,909,1228,2427,6402
20241,11410555,북아현동,15401,7379,8022,2242,1925,2786,2525,2474,3449,1157,851,1325,1302,1197,1547,1085,1074,1461,1223,1277,1902,7031
20241,11470630,신정2동,18773,9207,9566,3948,2123,1564,3465,3405,4268,2034,1087,737,1561,1781,2007,1914,1036,827,1904,1624,2261,6828
20241,11200650,성수1가1동,15394,7652,7742,1722,2196,2841,2013,2745,3877,901,1102,1424,1008,1329,1888,821,1094,1417,1005,1416,1989,7434
20241,11320660,쌍문1동,20484,9807,10677,2281,2632,2371,2743,3678,6779,1143,1198,1234,1400,1792,3040,1138,1434,1137,1343,1886,3739,9257
20241,11740685,길동,44395,21594,22801,4611,6297,7127,6419,7099,12842,2411,2946,3637,3290,3428,5882,2200,3351,3490,3129,3671,6960,21799
20241,11545690,시흥3동,10153,5020,5133,1022,1164,1276,1264,1831,3596,519,599,691,659,888,1664,503,565,585,605,943,1932,4581
20241,11320511,창1동,23774,11340,12434,3055,2927,3114,3534,4185,6959,1565,1436,1615,1721,1965,3038,1490,1491,1499,1813,2220,3921,10766
20241,11290725,월곡2동,18900,8965,9935,2131,3483,2565,2489,2953,5279,1111,1367,1337,1250,1491,2409,1020,2116,1228,1239,1462,2870,9649
20241,11215760,중곡3동,15681,7737,7944,1436,2305,2714,2050,2676,4500,741,1106,1417,1078,1317,2078,695,1199,1297,972,1359,2422,8495
20241,11710510,풍납1동,11750,5769,5981,1225,1267,1627,1584,1988,4059,678,652,855,801,967,1816,547,615,772,783,1021,2243,5572
20241,11440610,염리동,16719,7963,8756,2922,2412,2746,3054,2505,3080,1465,1091,1321,1477,1269,1340,1457,1321,1425,1577,1236,1740,7762
20241,11200670,성수2가1동,14544,7539,7005,1301,1837,2399,1889,2557,4561,659,949,1295,1018,1355,2263,642,888,1104,871,1202,2298,7587
20241,11500560,화곡3동,21093,10044,11049,2563,2979,3092,3065,3165,6229,1353,1342,1515,1497,1486,2851,1210,1637,1577,1568,1679,3378,9685
20241,11680510,신사동,15436,7204,8232,2348,1899,2022,2506,2568,4093,1199,878,914,1115,1255,1843,1149,1021,1108,1391,1313,2250,6717
20241,11170590,용문동,11380,5423,5957,1264,1613,1939,1576,1846,3142,631,762,981,793,893,1363,633,851,958,783,953,1779,5307
20241,11590670,신대방1동,23282,11152,12130,3513,3325,3095,3612,3868,5869,1727,1572,1552,1714,1915,2672,1786,1753,1543,1898,1953,3197,10423
20241,11740570,암사1동,33825,16775,17050,4027,4289,4876,5160,5816,9657,2023,2232,2550,2678,2857,4435,2004,2057,2326,2482,2959,5222,16155
20241,11200560,행당1동,13629,6526,7103,1824,2164,2212,2056,2161,3212,898,995,1102,1011,1023,1497,926,1169,1110,1045,1138,1715,6397
20241,11200620,금호4가동,14142,6694,7448,2116,1311,2308,2621,2123,3663,1098,661,1063,1289,1045,1538,1018,650,1245,1332,1078,2125,6398
20241,11680655,도곡1동,20005,9502,10503,3672,2411,2742,3513,3246,4421,1738,1167,1256,1631,1620,2090,1934,1244,1486,1882,1626,2331,8034
20241,11110670,창신1동,4523,2397,2126,280,522,621,501,840,1759,149,271,355,273,441,908,131,251,266,228,399,851,2628
20241,11710670,잠실2동,34909,16705,18204,9113,3341,3220,8042,5660,5533,4653,1533,1304,3688,3000,2527,4460,1808,1916,4354,2660,3006,11542
20241,11740660,성내3동,22433,10963,11470,2471,3268,3311,3357,3800,6226,1392,1667,1703,1625,1817,2759,1079,1601,1608,1732,1983,3467,10645
20241,11650620,방배3동,15757,7500,8257,2670,1800,1874,2500,2602,4311,1335,894,849,1141,1243,2038,1335,906,1025,1359,1359,2273,5855
20241,11545680,시흥2동,20564,9831,10733,3156,2108,2230,2999,3655,6416,1549,1075,1111,1432,1737,2927,1607,1033,1119,1567,1918,3489,8238
20241,11350695,상계6?7동,31400,14467,16933,4531,4011,4657,4833,5511,7857,2328,1908,2248,2223,2475,3285,2203,2103,2409,2610,3036,4572,13887
20241,11680740,일원2동,16833,8153,8680,2624,1629,2392,2921,2447,4820,1590,869,1165,1377,1194,1958,1034,760,1227,1544,1253,2862,7377
20241,11680660,개포1동,6765,3265,3500,1151,649,638,1068,1017,2242,559,319,289,499,510,1089,592,330,349,569,507,1153,2547
20241,11305615,수유1동,19842,9710,10132,1918,2797,2644,2591,3325,6567,967,1300,1448,1389,1649,2957,951,1497,1196,1202,1676,3610,10418
20241,11410565,충현동,19682,9454,10228,2309,3004,3356,2797,3158,5058,1143,1369,1646,1413,1560,2323,1166,1635,1710,1384,1598,2735,10070
20241,11590620,사당1동,22415,10798,11617,1388,5074,4744,2832,2807,5570,740,2283,2484,1498,1312,2481,648,2791,2260,1334,1495,3089,13773
20241,11680650,역삼2동,36348,16944,19404,7981,4370,4509,8338,5910,5240,3733,1871,2047,3684,3231,2378,4248,2499,2462,4654,2679,2862,15611
20241,11740700,둔촌2동,24228,11861,12367,3360,3110,3688,3495,3911,6664,1764,1532,1874,1752,1868,3071,1596,1578,1814,1743,2043,3593,10426
20241,11350665,상계3?4동,27489,13675,13814,3585,3100,2909,3876,4953,9066,1887,1634,1567,1965,2469,4153,1698,1466,1342,1911,2484,4913,12412
20241,11305545,송중동,28576,13737,14839,3126,3770,3735,4089,4933,8923,1540,1822,1902,2089,2365,4019,1586,1948,1833,2000,2568,4904,13802
20241,11260680,신내1동,37757,18186,19571,6092,4249,4537,5613,6197,11069,3123,2172,2232,2746,2917,4996,2969,2077,2305,2867,3280,6073,14887
20241,11590530,상도1동,44464,21556,22908,5282,10237,5927,5858,6511,10649,2652,5321,2989,2814,3092,4688,2630,4916,2938,3044,3419,5961,22704
20241,11590520,노량진2동,10181,5312,4869,556,1990,1838,1163,1466,3168,274,1025,1095,672,786,1460,282,965,743,491,680,1708,6725
20241,11620630,남현동,17668,8549,9119,1419,3785,3659,2115,2398,4292,719,1752,1971,1069,1113,1925,700,2033,1688,1046,1285,2367,9874
20241,11710620,가락본동,25171,12461,12710,2965,3485,4476,3545,4192,6508,1512,1737,2282,1800,1984,3146,1453,1748,2194,1745,2208,3362,11567
20241,11230560,전농1동,32107,15979,16128,4034,4839,4460,4730,5311,8733,2037,2340,2296,2466,2739,4101,1997,2499,2164,2264,2572,4632,16020
20241,11650531,서초4동,30281,14804,15477,6584,3448,3064,5826,5248,6111,3449,1710,1331,2710,2676,2928,3135,1738,1733,3116,2572,3183,10706
20241,11680670,개포2동,41708,20173,21535,8783,4683,6170,7516,6679,7877,4470,2293,2841,3485,3295,3789,4313,2390,3329,4031,3384,4088,14821
20241,11290630,정릉2동,22510,10838,11672,2837,3023,2989,3163,3828,6670,1473,1502,1484,1602,1836,2941,1364,1521,1505,1561,1992,3729,9902
20241,11230740,이문1동,17724,8739,8985,1705,5173,2026,1959,2472,4389,861,2456,1156,1006,1278,1982,844,2717,870,953,1194,2407,10654
20241,11620585,낙성대동,17211,8618,8593,1292,5749,3833,1853,1665,2819,641,2714,2115,999,881,1268,651,3035,1718,854,784,1551,11903
20241,11710531,거여1동,12011,6013,5998,1339,1588,1640,1595,2163,3686,704,811,863,812,1096,1727,635,777,777,783,1067,1959,5558
20241,11710650,잠실본동,27731,13208,14523,2445,4952,6226,4164,3970,5974,1245,2180,3103,2048,1922,2710,1200,2772,3123,2116,2048,3264,16073
20241,11680580,삼성1동,12134,5938,6196,1774,1553,1712,1917,2050,3128,949,838,826,882,984,1459,825,715,886,1035,1066,1669,5230
20241,11680610,대치2동,38212,19396,18816,8922,4008,3306,7349,6670,7957,5235,2160,1541,3164,3430,3866,3687,1848,1765,4185,3240,4091,13293
20241,11530550,구로4동,18646,8980,9666,1480,2506,2746,2349,3122,6443,763,1189,1412,1235,1543,2838,717,1317,1334,1114,1579,3605,10345
20241,11350624,중계4동,19114,9151,9963,2800,2288,1812,2878,3591,5745,1472,1192,916,1357,1778,2436,1328,1096,896,1521,1813,3309,8209
20241,11350640,상계2동,19105,9426,9679,2261,2910,2133,2514,3737,5550,1105,1496,1122,1253,1834,2616,1156,1414,1011,1261,1903,2934,8558
20241,11215860,구의2동,25468,12150,13318,3443,3280,3587,3950,4410,6798,1753,1577,1763,1923,2085,3049,1690,1703,1824,2027,2325,3749,11380
20241,11470611,신월7동,18588,9029,9559,1852,2130,2501,2418,3218,6469,961,1092,1338,1272,1561,2805,891,1038,1163,1146,1657,3664,8930
20241,11500520,등촌1동,24933,11521,13412,2379,4735,6640,3456,3071,4652,1282,1883,3074,1772,1444,2066,1097,2852,3566,1684,1627,2586,14262
20241,11110540,삼청동,2247,1075,1172,248,238,283,316,351,811,133,121,131,153,171,366,115,117,152,163,180,445,1120
20241,11380560,구산동,31429,15279,16150,3813,4234,3793,4530,5645,9414,1895,1984,1896,2313,2740,4451,1918,2250,1897,2217,2905,4963,13477
20241,11140650,신당5동,10151,4914,5237,966,1494,1791,1397,1757,2746,462,664,898,727,910,1253,504,830,893,670,847,1493,5385
20241,11215830,자양2동,23591,11450,12141,2882,3208,3682,3540,3903,6376,1468,1588,1859,1734,1849,2952,1414,1620,1823,1806,2054,3424,10890
20241,11740550,고덕1동,23932,12182,11750,6073,1949,2426,5297,3431,4756,3392,1057,1132,2557,1813,2231,2681,892,1294,2740,1618,2525,8155
20241,11470620,신정1동,19716,9582,10134,4413,2061,1765,3859,3370,4248,2279,1053,814,1774,1702,1960,2134,1008,951,2085,1668,2288,6958
20241,11290650,정릉4동,24009,11457,12552,3160,3050,2863,3583,4243,7110,1633,1504,1431,1747,2059,3083,1527,1546,1432,1836,2184,4027,10737
20241,11140520,소공동,2178,1027,1151,289,218,442,514,320,395,130,79,205,250,170,193,159,139,237,264,150,202,1231
20241,11440565,공덕동,36426,16993,19433,4002,5749,6487,4980,6129,9079,2074,2349,3100,2501,2951,4018,1928,3400,3387,2479,3178,5061,18559
20241,11560720,대림3동,21488,10727,10761,2133,2698,3121,2678,3864,6994,1068,1431,1681,1388,1889,3270,1065,1267,1440,1290,1975,3724,10303
20241,11260540,면목4동,18121,9021,9100,1938,2212,2460,2636,3198,5677,1015,1143,1274,1399,1637,2553,923,1069,1186,1237,1561,3124,8928
20241,11410690,남가좌1동,16699,7994,8705,3810,1559,2235,3430,2364,3301,1914,728,970,1742,1171,1469,1896,831,1265,1688,1193,1832,6161
20241,11110630,종로5?6가동,5376,2824,2552,359,1180,886,571,855,1525,161,546,493,322,494,808,198,634,393,249,361,717,3576
20241,11200520,왕십리2동,15974,7663,8311,2097,2174,2781,2315,2596,4011,1065,1012,1354,1158,1260,1814,1032,1162,1427,1157,1336,2197,7303
20241,11140580,장충동,4549,2371,2178,389,1271,663,499,578,1149,201,707,374,262,303,524,188,564,289,237,275,625,2833
20241,11710631,가락1동,27469,13286,14183,5719,2571,4733,4925,3631,5890,2940,1266,2134,2441,1684,2821,2779,1305,2599,2484,1947,3069,9799
20241,11200580,응봉동,14940,7088,7852,2460,1666,2031,2607,2508,3668,1275,779,973,1230,1227,1604,1185,887,1058,1377,1281,2064,5949
20241,11470670,신정6동,23959,11598,12361,5302,2631,2449,4474,4245,4858,2727,1336,1137,1998,2058,2342,2575,1295,1312,2476,2187,2516,8185
20241,11650520,서초2동,24636,11631,13005,4292,3376,4799,4571,3206,4392,2197,1428,2184,2145,1610,2067,2095,1948,2615,2426,1596,2325,11340
20241,11560690,신길7동,19779,9835,9944,3668,2416,3282,3383,2949,4081,1923,1236,1634,1715,1402,1925,1745,1180,1648,1668,1547,2156,7880
20241,11710710,잠실6동,16514,7825,8689,2948,1768,1981,2777,2606,4434,1498,849,896,1280,1210,2092,1450,919,1085,1497,1396,2342,5834
20241,11305660,인수동,29069,14019,15050,3074,3468,3443,3874,4989,10221,1558,1693,1814,2007,2413,4534,1516,1775,1629,1867,2576,5687,14159
20241,11290580,돈암1동,14260,6652,7608,1740,1842,1866,1829,2593,4390,863,839,920,884,1225,1921,877,1003,946,945,1368,2469,6052
20241,11650560,반포1동,33740,16468,17272,6962,3952,5028,7041,4810,5947,3526,1859,2391,3421,2586,2685,3436,2093,2637,3620,2224,3262,14637
20241,11620525,보라매동,23092,11443,11649,2135,4351,4053,2939,3266,6348,1108,2104,2267,1535,1611,2818,1027,2247,1786,1404,1655,3530,12670
20241,11620575,행운동,28758,13926,14832,2079,7607,5942,3444,3392,6294,1032,3393,3181,1793,1694,2833,1047,4214,2761,1651,1698,3461,18159
20241,11620625,인헌동,25385,12283,13102,2133,5807,4960,3141,3495,5849,1113,2693,2564,1628,1664,2621,1020,3114,2396,1513,1831,3228,14772
20241,11620615,중앙동,15126,7305,7821,856,4374,3231,1662,1659,3344,428,1901,1723,885,843,1525,428,2473,1508,777,816,1819,10136
20241,11290640,정릉3동,14934,7431,7503,1346,3370,1799,1548,2287,4584,727,1866,1016,789,1107,1926,619,1504,783,759,1180,2658,8201
20241,11350611,하계1동,26128,12492,13636,3719,4532,2631,3348,4814,7084,2010,2414,1350,1483,2327,2908,1709,2118,1281,1865,2487,4176,12129
20241,11380552,갈현2동,27415,12947,14468,3291,3884,3568,4064,4876,7732,1668,1830,1798,1990,2289,3372,1623,2054,1770,2074,2587,4360,12523
20241,11380600,응암3동,23429,11287,12142,1971,3287,3255,3038,3863,8015,1007,1608,1710,1566,1944,3452,964,1679,1545,1472,1919,4563,12504
20241,11650652,양재2동,21157,10608,10549,2407,3148,4068,3407,3370,4757,1287,1596,2135,1731,1659,2200,1120,1552,1933,1676,1711,2557,10943
20241,11710562,방이2동,26094,11878,14216,2020,5130,6448,3632,3345,5519,1095,1992,2941,1815,1528,2507,925,3138,3507,1817,1817,3012,15656
20241,11620695,신림동,22622,12090,10532,681,8720,6189,2449,1806,2777,339,4196,3697,1470,1065,1323,342,4524,2492,979,741,1454,18724
20241,11620565,성현동,28222,13577,14645,4164,3618,3398,4450,4782,7810,2139,1817,1711,2188,2379,3343,2025,1801,1687,2262,2403,4467,12187
20241,11410685,홍은2동,28505,13661,14844,3665,4137,3981,4039,4803,7880,1842,2036,2064,1977,2303,3439,1823,2101,1917,2062,2500,4441,13166
20241,11740600,천호1동,25942,12735,13207,2644,3280,3850,3678,4341,8149,1336,1635,2042,1904,2121,3697,1308,1645,1808,1774,2220,4452,12929
20241,11200535,왕십리도선동,26181,12283,13898,3603,4013,4411,3895,4311,5948,1870,1726,1993,1935,2031,2728,1733,2287,2418,1960,2280,3220,12111
20241,11560515,영등포본동,20784,10610,10174,2250,2779,3244,2796,3528,6187,1146,1447,1720,1487,1811,2999,1104,1332,1524,1309,1717,3188,10407
20241,11290575,동선동,14977,6196,8781,1236,4651,2419,1762,1909,3000,530,1380,1182,862,929,1313,706,3271,1237,900,980,1687,9625
20241,11560605,문래동,32022,15577,16445,5830,3503,5493,5961,4494,6741,3011,1666,2607,2973,2241,3079,2819,1837,2886,2988,2253,3662,13095
20241,11500620,공항동,29436,14868,14568,5076,3657,4857,5192,4101,6553,2565,1882,2527,2788,2080,3026,2511,1775,2330,2404,2021,3527,13691
20241,11500510,염창동,41250,19807,21443,7769,5314,7231,7299,6159,7478,3977,2438,3285,3558,3052,3497,3792,2876,3946,3741,3107,3981,16592
20241,11560630,신길1동,19314,9780,9534,1597,3601,3596,2448,2904,5168,795,1732,2004,1361,1525,2363,802,1869,1592,1087,1379,2805,11605
20241,11380640,증산동,18240,8840,9400,2403,2357,2626,2570,3089,5195,1238,1129,1287,1288,1522,2376,1165,1228,1339,1282,1567,2819,7933
20241,11530740,개봉1동,33122,16420,16702,4134,3960,5015,4572,5483,9958,2116,2009,2567,2341,2714,4673,2018,1951,2448,2231,2769,5285,14958
20241,11545620,독산2동,17737,8915,8822,1694,2337,2512,2178,3358,5658,895,1171,1380,1144,1658,2667,799,1166,1132,1034,1700,2991,9282
20241,11350630,상계1동,36834,17688,19146,4724,4544,4401,5069,6715,11381,2412,2270,2211,2455,3143,5197,2312,2274,2190,2614,3572,6184,15534
20241,11500570,화곡4동,19720,9668,10052,2041,2499,2933,3042,3276,5929,1090,1274,1541,1580,1568,2615,951,1225,1392,1462,1708,3314,9641
20241,11200690,성수2가3동,10021,4999,5022,940,1628,1835,1322,1581,2715,499,769,880,688,811,1352,441,859,955,634,770,1363,5211
20241,11170700,보광동,11134,5572,5562,801,1494,1758,1493,2011,3577,465,846,1015,771,992,1483,336,648,743,722,1019,2094,6270
20241,11170690,서빙고동,12443,5999,6444,2037,1557,1436,2157,2147,3109,1026,794,705,1045,1016,1413,1011,763,731,1112,1131,1696,5097
20241,11170625,한강로동,20977,9895,11082,2206,3206,4813,2844,3197,4711,1136,1360,2240,1369,1507,2283,1070,1846,2573,1475,1690,2428,11229
20241,11230705,청량리동,18688,9202,9486,1546,2215,2135,2155,3063,7574,790,1110,1148,1138,1553,3463,756,1105,987,1017,1510,4111,10043
20241,11170580,효창동,10665,5044,5621,1426,1614,1969,1591,1728,2337,728,741,958,778,798,1041,698,873,1011,813,930,1296,4718
20241,11710580,송파1동,23353,10821,12532,2098,4019,5392,3349,3167,5328,1026,1767,2648,1564,1387,2429,1072,2252,2744,1785,1780,2899,12486
20241,11470510,목1동,30276,14544,15732,7467,2982,2754,6476,5153,5444,3731,1465,1184,2933,2662,2569,3736,1517,1570,3543,2491,2875,10349
20241,11470680,신정7동,28275,13546,14729,4859,2968,2931,4625,4979,7913,2510,1529,1444,2189,2445,3429,2349,1439,1487,2436,2534,4484,11507
20241,11620715,난향동,14726,7199,7527,2213,1623,1548,2518,2694,4130,1114,843,759,1245,1391,1847,1099,780,789,1273,1303,2283,6175
20241,11560560,당산2동,36667,17117,19550,4697,6732,8189,5239,4671,7139,2397,2651,3855,2603,2248,3363,2300,4081,4334,2636,2423,3776,18864
20241,11140540,회현동,4380,2304,2076,365,418,528,531,793,1745,186,209,260,285,427,937,179,209,268,246,366,808,2491
20241,11500640,방화2동,22596,11171,11425,2247,3015,3725,3014,3425,7170,1196,1443,1977,1576,1789,3190,1051,1572,1748,1438,1636,3980,12052
20241,11440600,대흥동,14719,7124,7595,1471,3656,2555,2017,2108,2912,764,1618,1311,1011,1077,1343,707,2038,1244,1006,1031,1569,8823
20241,11410620,홍제1동,24704,11553,13151,3208,3100,3607,3586,4205,6998,1566,1502,1708,1740,1984,3053,1642,1598,1899,1846,2221,3945,11038
20241,11545610,독산1동,45720,23242,22478,5294,7802,10015,6606,6356,9647,2682,3606,5435,3661,3232,4626,2612,4196,4580,2945,3124,5021,24569
20241,11110560,평창동,17366,8092,9274,2533,1997,2057,2484,3156,5139,1281,993,972,1124,1415,2307,1252,1004,1085,1360,1741,2832,7124
20241,11230750,이문2동,19385,9319,10066,2578,2642,2322,2758,3345,5740,1331,1188,1157,1404,1648,2591,1247,1454,1165,1354,1697,3149,8656
20241,11710540,마천1동,17982,9215,8767,2021,1988,1982,2356,3374,6261,1062,1028,1095,1248,1782,3000,959,960,887,1108,1592,3261,8567
20241,11380590,응암2동,27329,13188,14141,5321,2477,4191,5549,3913,5878,2764,1222,1924,2764,1945,2569,2557,1255,2267,2785,1968,3309,11014
20241,11500535,등촌3동,29390,13848,15542,3050,3235,4582,3612,4479,10432,1562,1614,2308,1779,2022,4563,1488,1621,2274,1833,2457,5869,15092
20241,11140625,다산동,13221,6412,6809,1114,2079,2167,1719,2138,4004,600,986,1118,888,1047,1773,514,1093,1049,831,1091,2231,6767
20241,11470640,신정3동,49523,23946,25577,8452,6003,5992,7797,8974,12305,4327,3061,2973,3729,4325,5531,4125,2942,3019,4068,4649,6774,19703
20241,11200570,행당2동,22851,10656,12195,3436,2579,3426,3583,3971,5856,1612,1198,1631,1718,1915,2582,1824,1381,1795,1865,2056,3274,9226
20241,11530520,구로1동,20519,10005,10514,3469,2418,3563,3529,3000,4540,1796,1149,1785,1744,1449,2082,1673,1269,1778,1785,1551,2458,8356
20241,11590540,상도2동,27084,12936,14148,4095,3942,4326,4416,4034,6271,2124,1819,2060,2193,1933,2807,1971,2123,2266,2223,2101,3464,12299
20241,11710720,잠실7동,9419,4382,5037,1435,1103,943,1245,1640,3053,655,540,418,546,766,1457,780,563,525,699,874,1596,3365
20241,11650621,방배4동,22754,10319,12435,3880,2825,3126,4033,3755,5135,1781,1248,1407,1758,1803,2322,2099,1577,1719,2275,1952,2813,9556
20241,11290590,돈암2동,23417,11070,12347,4248,2683,2749,3857,4362,5518,2135,1337,1297,1772,2082,2447,2113,1346,1452,2085,2280,3071,8521
20241,11170630,이촌1동,24933,11719,13214,4809,2548,2939,4157,4378,6102,2482,1260,1288,1898,2066,2725,2327,1288,1651,2259,2312,3377,9125
20241,11320515,창5동,23884,11392,12492,2882,3199,3393,3183,4238,6989,1480,1555,1690,1530,1944,3193,1402,1644,1703,1653,2294,3796,10262
20241,11500605,가양3동,14189,6504,7685,1059,1248,2945,1794,1889,5254,537,564,1429,938,914,2122,522,684,1516,856,975,3132,7735
20241,11650550,반포본동,117,49,68,17,21,6,22,21,30,7,8,3,8,9,14,10,13,3,14,12,16,44
20241,11305635,수유3동,22988,11301,11687,1593,4229,3326,2913,3923,7004,802,1938,1813,1586,1992,3170,791,2291,1513,1327,1931,3834,13528
20241,11230570,전농2동,17954,8555,9399,2542,2005,2090,2664,3152,5501,1275,968,1069,1309,1513,2421,1267,1037,1021,1355,1639,3080,7541
20241,11410660,홍은1동,22158,10677,11481,2755,2645,2973,3146,3932,6707,1378,1319,1494,1595,1908,2983,1377,1326,1479,1551,2024,3724,9694
20241,11590660,대방동,35620,16775,18845,5172,6087,4944,5581,5718,8118,2530,2762,2441,2637,2851,3554,2642,3325,2503,2944,2867,4564,16664
20241,11590630,사당2동,27151,13012,14139,3253,3366,4288,3936,4344,7964,1763,1625,2088,1945,2078,3513,1490,1741,2200,1991,2266,4451,12176
20241,11260575,면목3?8동,24375,12017,12358,2142,3312,3569,3169,4356,7827,1079,1649,1881,1701,2150,3557,1063,1663,1688,1468,2206,4270,12782
20241,11440710,연남동,14202,6690,7512,1131,2880,2925,2106,1935,3225,567,1312,1448,1055,911,1397,564,1568,1477,1051,1024,1828,8339
20241,11590605,흑석동,29907,14490,15417,4507,4506,4057,4648,4932,7257,2291,2283,1959,2335,2359,3263,2216,2223,2098,2313,2573,3994,12930
20241,11620685,신사동,21969,11050,10919,1437,5696,4113,2543,2980,5200,774,2700,2341,1343,1481,2411,663,2996,1772,1200,1499,2789,14144
20241,11260630,묵2동,18004,8791,9213,1811,2385,2649,2549,3090,5520,933,1160,1356,1307,1520,2515,878,1225,1293,1242,1570,3005,9142
20241,11230650,장안1동,37191,18358,18833,4598,4828,5838,6095,5762,10070,2356,2242,3033,3148,2889,4690,2242,2586,2805,2947,2873,5380,18136
20241,11620745,삼성동,19970,9928,10042,1726,2177,2180,2482,3630,7775,935,1117,1241,1325,1836,3474,791,1060,939,1157,1794,4301,9681
20241,11410585,신촌동,20135,8693,11442,1336,8441,3650,1859,1895,2954,638,3121,1798,896,924,1316,698,5320,1852,963,971,1638,14750
20241,11710647,위례동,44857,21874,22983,12586,4244,6785,9367,5881,5994,6484,2092,3079,4600,2926,2693,6102,2152,3706,4767,2955,3301,14702
20241,11260570,면목7동,21190,10543,10647,2094,2678,3284,2861,3592,6681,1118,1293,1667,1548,1812,3105,976,1385,1617,1313,1780,3576,10540
20241,11320521,도봉1동,20030,9993,10037,1627,2142,2046,2499,3524,8192,827,1105,1098,1372,1771,3820,800,1037,948,1127,1753,4372,10228
20241,11320710,방학3동,26077,12624,13453,4026,2742,2845,3723,4468,8273,2182,1483,1465,1778,2040,3676,1844,1259,1380,1945,2428,4597,9923
20241,11200540,마장동,21556,10610,10946,2385,4066,3159,2625,3419,5902,1203,2027,1646,1335,1661,2738,1182,2039,1513,1290,1758,3164,10844
20241,11200550,사근동,11936,6247,5689,987,4917,1611,1041,1286,2094,475,2713,929,553,622,955,512,2204,682,488,664,1139,8185
20241,11350560,월계1동,20526,10528,9998,2380,3591,2369,2836,3322,6028,1259,2094,1290,1441,1677,2767,1121,1497,1079,1395,1645,3261,9969
20241,11560610,양평1동,18114,8709,9405,2154,2938,4516,2950,2150,3406,1110,1174,2251,1539,1131,1504,1044,1764,2265,1411,1019,1902,9893
20241,11560650,신길3동,15950,7852,8098,2044,1875,2360,2308,2655,4708,1033,936,1204,1220,1335,2124,1011,939,1156,1088,1320,2584,7486
20241,11680630,대치4동,18614,8869,9745,2804,2971,3067,3410,3345,3017,1529,1449,1455,1450,1639,1347,1275,1522,1612,1960,1706,1670,9730
20241,11215850,구의1동,21448,10252,11196,1689,4498,4386,2917,3119,4839,839,2008,2240,1493,1505,2167,850,2490,2146,1424,1614,2672,12519
20241,11545710,시흥5동,18167,9067,9100,1876,2073,2144,2296,3311,6467,956,1075,1184,1215,1710,2927,920,998,960,1081,1601,3540,9143
20241,11440690,망원1동,19151,8899,10252,1831,3093,3611,2937,2888,4791,909,1404,1717,1425,1403,2041,922,1689,1894,1512,1485,2750,10174
20241,11350595,공릉1동,35959,17381,18578,3930,6593,4943,4951,5445,10097,2028,3169,2510,2495,2673,4506,1902,3424,2433,2456,2772,5591,18517
20241,11500641,방화3동,21991,10634,11357,2422,1964,3367,3227,3271,7740,1255,1011,1720,1638,1625,3385,1167,953,1647,1589,1646,4355,11216
20241,11500530,등촌2동,19312,9398,9914,2375,2697,3298,2778,2997,5167,1313,1328,1653,1373,1366,2365,1062,1369,1645,1405,1631,2802,8505
20241,11110600,가회동,3849,1787,2062,459,406,499,633,687,1165,247,188,228,295,331,498,212,218,271,338,356,667,1903
20241,11140645,청구동,12955,6117,6838,1365,1575,2127,1648,2147,4093,687,761,1047,815,1015,1792,678,814,1080,833,1132,2301,6139
20241,11680700,세곡동,45513,21325,24188,8706,5330,7034,8065,6259,10119,4379,2341,3273,3883,3042,4407,4327,2989,3761,4182,3217,5712,19381
20241,11110700,숭인1동,5768,2797,2971,531,721,792,805,1099,1820,267,341,404,420,557,808,264,380,388,385,542,1012,2990
20241,11110550,부암동,9034,4284,4750,1191,1096,1158,1374,1626,2589,629,563,566,611,752,1163,562,533,592,763,874,1426,4096
20241,11110680,창신2동,7511,3880,3631,498,954,881,818,1665,2695,263,498,514,454,861,1290,235,456,367,364,804,1405,3983
20241,11545700,시흥4동,19366,9586,9780,2035,2302,2358,2452,3576,6643,1027,1187,1258,1243,1712,3159,1008,1115,1100,1209,1864,3484,9011
20241,11740515,강일동,44257,21047,23210,8773,4901,5797,7171,6561,11054,4522,2397,2690,3476,3173,4789,4251,2504,3107,3695,3388,6265,17658
20241,11215840,자양3동,27193,12991,14202,4362,3434,3864,4233,4540,6760,2185,1714,1809,1976,2183,3124,2177,1720,2055,2257,2357,3636,10951
20241,11530720,고척1동,26314,13106,13208,3502,3309,5100,3600,4025,6778,1809,1668,2610,1872,1970,3177,1693,1641,2490,1728,2055,3601,11516
20241,11200790,용답동,11809,6118,5691,818,2551,1989,1397,1892,3162,423,1141,1057,793,1122,1582,395,1410,932,604,770,1580,7515
20241,11500603,가양1동,33880,15206,18674,3024,7788,8937,4444,4089,5598,1562,2560,4210,2239,2005,2630,1462,5228,4727,2205,2084,2968,20930
20241,11650581,반포4동,18474,8654,9820,3522,2071,2343,3241,3078,4219,1824,1001,1032,1431,1463,1903,1698,1070,1311,1810,1615,2316,7024
20241,11305603,번2동,14866,7134,7732,1327,1830,1585,1928,2530,5666,704,929,841,1017,1251,2392,623,901,744,911,1279,3274,7425
20241,11140635,약수동,16086,7419,8667,1717,1772,2258,2206,2653,5480,857,847,1092,1072,1215,2336,860,925,1166,1134,1438,3144,7737
20241,11620545,청림동,14726,7103,7623,2130,1620,2373,2293,2285,4025,1097,803,1211,1152,1111,1729,1033,817,1162,1141,1174,2296,6408
20241,11680565,청담동,24535,11449,13086,3849,3131,3696,4401,3973,5485,2074,1435,1595,1986,1847,2512,1775,1696,2101,2415,2126,2973,10790
20241,11740530,명일1동,25279,12363,12916,4369,2720,3749,4145,3901,6395,2302,1410,1845,1996,1890,2920,2067,1310,1904,2149,2011,3475,10027
20241,11710690,잠실4동,21192,10213,10979,4930,1852,2399,4442,3132,4437,2566,916,1000,2108,1542,2081,2364,936,1399,2334,1590,2356,7231
20241,11350710,상계9동,19664,9212,10452,2759,2386,2669,2975,3517,5358,1424,1221,1335,1386,1595,2251,1335,1165,1334,1589,1922,3107,8358
20241,11305608,번3동,16356,7614,8742,1795,1693,1605,2139,2765,6359,903,865,821,1065,1370,2590,892,828,784,1074,1395,3769,7665
20241,11530540,구로3동,23287,12033,11254,2277,4387,4623,3707,3168,5125,1182,2176,2624,2014,1717,2320,1095,2211,1999,1693,1451,2805,13633
20241,11710590,송파2동,18476,8909,9567,2965,2336,2638,2935,2929,4673,1502,1110,1255,1444,1390,2208,1463,1226,1383,1491,1539,2465,7095
20241,11590550,상도3동,23844,11339,12505,2273,4063,3842,3224,3734,6708,1181,1858,1972,1603,1787,2938,1092,2205,1870,1621,1947,3770,12158
20241,11710610,삼전동,29062,13547,15515,2820,4764,6320,4660,4135,6363,1461,2110,3017,2246,1947,2766,1359,2654,3303,2414,2188,3597,16117
20241,11710532,거여2동,23596,11502,12094,3534,2477,3477,3649,3992,6467,1819,1260,1742,1833,1933,2915,1715,1217,1735,1816,2059,3552,10093
20241,11290810,석관동,33768,16684,17084,3630,4580,4600,4597,5650,10711,1912,2202,2398,2389,2833,4950,1718,2378,2202,2208,2817,5761,16597
20241,11290705,종암동,37648,18608,19040,5498,5426,4572,5812,6302,10038,2952,2834,2411,2827,3132,4452,2546,2592,2161,2985,3170,5586,17012
20241,11620655,신원동,17484,8937,8547,1072,4165,3321,2054,2330,4542,516,2106,2018,1100,1213,1984,556,2059,1303,954,1117,2558,11158
20241,11440585,도화동,20443,9697,10746,2696,2579,3498,2876,3292,5502,1398,1207,1717,1414,1534,2427,1298,1372,1781,1462,1758,3075,9219
20241,11260520,면목2동,23580,11697,11883,2277,2917,3417,3211,4445,7313,1165,1417,1781,1707,2245,3382,1112,1500,1636,1504,2200,3931,12221
20241,11590560,상도4동,27609,13396,14213,2921,4191,4518,3888,4345,7746,1541,2011,2349,2004,2068,3423,1380,2180,2169,1884,2277,4323,14048
20241,11590640,사당3동,23686,11429,12257,3299,2990,3605,3634,3482,6676,1684,1400,1713,1846,1680,3106,1615,1590,1892,1788,1802,3570,10442
20241,11620595,청룡동,35627,17102,18525,2496,11517,7376,3799,3839,6600,1205,5126,3882,1956,1952,2981,1291,6391,3494,1843,1887,3619,24083
20241,11290660,길음1동,34792,16426,18366,7906,3417,3683,7214,5810,6762,3941,1638,1646,3327,3045,2829,3965,1779,2037,3887,2765,3933,12458
20241,11290525,성북동,15875,7372,8503,1672,2533,2486,2202,2730,4252,852,1127,1210,1036,1273,1874,820,1406,1276,1166,1457,2378,8108
20241,11440720,성산1동,18543,8632,9911,1968,3017,3275,2964,2958,4361,931,1402,1584,1404,1444,1867,1037,1615,1691,1560,1514,2494,9475
20241,11290555,삼선동,22125,10481,11644,2473,4178,3060,2974,3789,5651,1264,1869,1503,1462,1907,2476,1209,2309,1557,1512,1882,3175,11391
20241,11620775,난곡동,25257,12654,12603,2430,3557,3407,3357,4375,8131,1236,1795,1868,1836,2178,3741,1194,1762,1539,1521,2197,4390,12782
20241,11260610,중화2동,23768,12182,11586,1842,3254,3585,3023,4241,7823,1006,1588,1903,1657,2228,3800,836,1666,1682,1366,2013,4023,13441
20241,11215750,중곡2동,20512,9636,10876,2069,3304,3661,2825,3343,5310,1053,1474,1777,1388,1528,2416,1016,1830,1884,1437,1815,2894,10569
20241,11290620,정릉1동,17732,8501,9231,2848,2228,2325,2923,2859,4549,1470,1082,1135,1429,1389,1996,1378,1146,1190,1494,1470,2553,7342
20241,11530790,수궁동,22707,11115,11592,2938,2615,2913,3392,3789,7060,1550,1379,1474,1705,1794,3213,1388,1236,1439,1687,1995,3847,9939
20241,11560700,대림1동,13711,6805,6906,1441,1798,1785,1826,2344,4517,792,898,972,983,1124,2036,649,900,813,843,1220,2481,6855
20241,11470560,신월1동,19365,9957,9408,1836,2238,2462,2677,3485,6667,951,1132,1379,1480,1803,3212,885,1106,1083,1197,1682,3455,10008
20241,11470540,목4동,24428,11899,12529,3976,3730,2695,3867,4890,5270,2049,1953,1381,1723,2424,2369,1927,1777,1314,2144,2466,2901,9964
20241,11500590,화곡본동,32956,15959,16997,3601,5536,6108,5100,4798,7813,1889,2518,3225,2627,2316,3384,1712,3018,2883,2473,2482,4429,17412
20241,11530595,가리봉동,8713,4797,3916,403,1587,1426,892,1567,2838,222,812,907,517,913,1426,181,775,519,375,654,1412,5988
20241,11320690,방학1동,27745,13722,14023,3234,3491,3050,3788,5097,9085,1657,1718,1592,1916,2548,4291,1577,1773,1458,1872,2549,4794,12911
20241,11530510,신도림동,35977,17321,18656,6560,4183,5844,6488,5387,7515,3327,1918,2724,3130,2651,3571,3233,2265,3120,3358,2736,3944,14249
20241,11215740,중곡1동,15218,7204,8014,1230,2805,3048,1945,2312,3878,632,1127,1502,1038,1125,1780,598,1678,1546,907,1187,2098,8644
20241,11170510,후암동,16020,7744,8276,1795,2223,2747,2311,2626,4318,946,1085,1439,1120,1287,1867,849,1138,1308,1191,1339,2451,8265
20241,11215847,자양4동,19815,9797,10018,1688,3243,3332,2560,3149,5843,842,1547,1748,1331,1625,2704,846,1696,1584,1229,1524,3139,10929
20241,11590651,사당5동,14118,6733,7385,1744,1987,2508,2161,2141,3577,892,903,1242,1096,1027,1573,852,1084,1266,1065,1114,2004,6685
20241,11740640,성내1동,19392,9277,10115,2902,2484,2971,3248,2960,4827,1500,1192,1407,1575,1406,2197,1402,1292,1564,1673,1554,2630,8213
20241,11680545,압구정동,26119,12090,14029,4614,2812,2812,4414,4347,7120,2227,1332,1202,2000,2108,3221,2387,1480,1610,2414,2239,3899,10177
20241,11560670,신길5동,9947,4806,5141,1381,1074,1328,1490,1623,3051,691,523,669,771,795,1357,690,551,659,719,828,1694,4562
20241,11140615,신당동,7385,3600,3785,462,1299,1301,966,1192,2165,208,548,652,511,647,1034,254,751,649,455,545,1131,4680
20241,11170650,이태원1동,6015,3013,3002,440,862,1139,785,893,1896,220,475,651,411,416,840,220,387,488,374,477,1056,3435
20241,11200660,성수1가2동,11932,5820,6112,1337,1762,2314,1721,1844,2954,684,847,1142,830,931,1386,653,915,1172,891,913,1568,5899
20241,11710570,오금동,37341,18034,19307,5202,4669,5043,5341,6555,10531,2719,2407,2481,2576,3006,4845,2483,2262,2562,2765,3549,5686,15582
20241,11530760,개봉3동,19544,9486,10058,2153,2163,2439,2872,3410,6507,1071,1131,1284,1464,1636,2900,1082,1032,1155,1408,1774,3607,8664
20241,11530780,오류2동,37281,17771,19510,6048,4179,4524,5966,5977,10587,3079,2074,2193,2931,2847,4647,2969,2105,2331,3035,3130,5940,15714
20241,11680590,삼성2동,30579,14671,15908,5521,3838,4647,6146,5012,5415,3013,1795,2086,2747,2550,2480,2508,2043,2561,3399,2462,2935,13824
20241,11410655,홍제2동,13186,6166,7020,1523,1559,1871,1680,2414,4139,786,740,927,801,1119,1793,737,819,944,879,1295,2346,5752
20241,11710641,문정1동,19502,9647,9855,2438,2819,3305,2734,3098,5108,1269,1413,1696,1389,1433,2447,1169,1406,1609,1345,1665,2661,8497
20241,11440660,서교동,24037,10999,13038,1635,5914,5368,3403,3103,4614,801,2535,2555,1610,1482,2016,834,3379,2813,1793,1621,2598,15244
20241,11200720,송정동,9719,5095,4624,857,1443,1547,1314,1704,2854,465,712,854,731,911,1422,392,731,693,583,793,1432,5365
20241,11230600,답십리1동,27834,13376,14458,4184,3822,4851,4651,4043,6283,2126,1689,2278,2374,2005,2904,2058,2133,2573,2277,2038,3379,12866
20241,11200645,옥수동,25399,11775,13624,3895,2444,4547,4429,3813,6271,1930,1143,2043,2163,1787,2709,1965,1301,2504,2266,2026,3562,10753
20241,11650660,내곡동,17000,8222,8778,2978,1636,2294,2922,2424,4746,1530,839,1070,1447,1169,2167,1448,797,1224,1475,1255,2579,7047
20241,11530750,개봉2동,29724,14398,15326,3680,3251,3930,4387,4747,9729,1864,1598,1963,2241,2295,4437,1816,1653,1967,2146,2452,5292,12314
20241,11230660,장안2동,32376,16042,16334,5322,3614,4637,5737,5003,8063,2817,1806,2321,2898,2502,3698,2505,1808,2316,2839,2501,4365,14170
20241,11650540,잠원동,26800,12898,13902,5125,3295,3328,4910,4879,5263,2649,1648,1503,2236,2437,2425,2476,1647,1825,2674,2442,2838,10729
20241,11380632,신사2동,18907,9370,9537,2190,2440,2592,2704,3220,5761,1191,1269,1334,1379,1573,2624,999,1171,1258,1325,1647,3137,8700
20241,11710566,오륜동,17799,8725,9074,3619,1925,1601,3036,3015,4603,1962,1032,698,1341,1469,2223,1657,893,903,1695,1546,2380,5896
20241,11350700,상계8동,21848,10388,11460,3644,2362,4739,3591,3102,4410,1839,1172,2348,1737,1452,1840,1805,1190,2391,1854,1650,2570,9129
20241,11320522,도봉2동,25990,12683,13307,2824,2705,3335,3398,4204,9524,1447,1384,1689,1779,2024,4360,1377,1321,1646,1619,2180,5164,11766
20241,11350720,상계10동,18184,8356,9828,2697,2279,2871,2783,3188,4366,1366,1065,1371,1291,1420,1843,1331,1214,1500,1492,1768,2523,7648
20241,11305555,송천동,24748,12287,12461,2087,2986,2909,3147,4586,9033,1058,1508,1572,1654,2327,4168,1029,1478,1337,1493,2259,4865,13030
20241,11410640,홍제3동,17665,8453,9212,2103,2224,2424,2312,3090,5512,1077,1108,1198,1173,1508,2389,1026,1116,1226,1139,1582,3123,7996
20241,11620735,대학동,24237,14808,9429,1459,6378,5009,3401,3295,4695,752,3815,3441,2293,2154,2353,707,2563,1568,1108,1141,2342,17409
20241,11710550,마천2동,17575,8982,8593,1634,2032,1978,2304,3268,6359,835,1135,1114,1238,1651,3009,799,897,864,1066,1617,3350,8507
20241,11710600,석촌동,30682,14536,16146,2809,5023,6745,4605,4370,7130,1419,2187,3287,2285,2098,3260,1390,2836,3458,2320,2272,3870,16996
20241,11650600,방배1동,16479,7678,8801,2228,2161,2666,2736,2463,4225,1150,1028,1218,1238,1139,1905,1078,1133,1448,1498,1324,2320,7461
20241,11620645,서원동,22908,12012,10896,1251,6434,5015,2651,2699,4858,661,3288,3009,1511,1321,2222,590,3146,2006,1140,1378,2636,15098
20241,11620665,서림동,23319,12975,10344,1537,5561,4791,3106,2996,5328,783,3141,3018,1882,1636,2515,754,2420,1773,1224,1360,2813,15153
20241,11260600,중화1동,18698,9211,9487,2064,2332,2956,2591,3007,5748,1042,1146,1536,1390,1439,2658,1022,1186,1420,1201,1568,3090,8901
20241,11680640,역삼1동,34082,16650,17432,2143,6658,9612,6069,4191,5409,1080,2810,4834,3106,2237,2583,1063,3848,4778,2963,1954,2826,23535
20241,11260655,망우본동,36438,17968,18470,4656,4442,6133,5059,5632,10516,2315,2037,3128,2666,2835,4987,2341,2405,3005,2393,2797,5529,18113
20241,11380520,불광1동,37509,17625,19884,4225,4651,5222,5340,6443,11628,2198,2193,2571,2609,3033,5021,2027,2458,2651,2731,3410,6607,17726
20241,11710561,방이1동,15091,7264,7827,2333,2083,2125,2358,2580,3612,1158,1043,1064,1096,1206,1697,1175,1040,1061,1262,1374,1915,6092
20241,11470600,신월5동,13979,6915,7064,1821,1815,1906,2083,2344,4010,958,900,1031,1043,1134,1849,863,915,875,1040,1210,2161,6352
20241,11560710,대림2동,11730,5740,5990,829,1815,1841,1392,1933,3920,414,895,987,743,979,1722,415,920,854,649,954,2198,6886
20241,11680690,개포4동,23151,11149,12002,3687,2869,3580,3762,3942,5311,1824,1445,1725,1797,1880,2478,1863,1424,1855,1965,2062,2833,10010
20241,11215770,중곡4동,27499,13389,14110,2662,3932,4025,3552,5090,8238,1386,1967,2097,1782,2372,3785,1276,1965,1928,1770,2718,4453,13022
20241,11500540,화곡1동,50743,24632,26111,4171,8918,10251,7286,7176,12941,2107,3937,5501,3794,3489,5804,2064,4981,4750,3492,3687,7137,28118
20241,11110515,청운효자동,11328,5174,6154,1676,1401,1510,1884,1911,2946,865,685,676,823,867,1258,811,716,834,1061,1044,1688,5040
20241,11110690,창신3동,6338,3119,3219,706,826,903,799,1177,1927,366,430,457,403,570,893,340,396,446,396,607,1034,2767
20241,11560540,여의동,33346,15644,17702,5267,3636,4891,5320,5307,8925,2653,1669,2225,2487,2546,4064,2614,1967,2666,2833,2761,4861,13895
20241,11530530,구로2동,22380,11215,11165,1783,2819,2668,2758,4223,8129,906,1417,1492,1479,2190,3731,877,1402,1176,1279,2033,4398,12099
20241,11680521,논현1동,20996,9908,11088,1371,3852,5204,3624,2772,4173,675,1714,2576,1695,1366,1882,696,2138,2628,1929,1406,2291,13524
20241,11680730,일원1동,14550,7048,7502,1576,1946,2115,2008,2140,4765,858,954,1080,1058,1028,2070,718,992,1035,950,1112,2695,7432
20241,11500630,방화1동,41828,20397,21431,7374,4497,5808,7134,6376,10639,3681,2218,2826,3561,3204,4907,3693,2279,2982,3573,3172,5732,17118
20241,11200615,금호2?3가동,21946,10443,11503,2829,2463,3779,3570,3530,5775,1450,1223,1831,1765,1676,2498,1379,1240,1948,1805,1854,3277,9888
20241,11140550,명동,2392,988,1404,162,233,286,339,437,935,83,102,141,139,187,336,79,131,145,200,250,599,1191
20241,11470590,신월4동,17445,8478,8967,2650,1940,2047,2818,2796,5194,1353,1035,1017,1420,1316,2337,1297,905,1030,1398,1480,2857,6839
20241,11230545,제기동,22962,11776,11186,1961,4356,2975,2601,3464,7605,1013,2305,1676,1434,1851,3497,948,2051,1299,1167,1613,4108,12981
20241,11380551,갈현1동,14470,7022,7448,1417,2099,2044,1968,2507,4435,780,1002,1088,993,1198,1961,637,1097,956,975,1309,2474,7340
20241,11260550,면목5동,14564,7254,7310,2166,1503,2461,2370,2359,3705,1092,770,1239,1261,1172,1720,1074,733,1222,1109,1187,1985,6400
20241,11620725,조원동,19598,9785,9813,1498,4367,4401,2410,2461,4461,760,1921,2348,1302,1299,2155,738,2446,2053,1108,1162,2306,12203
20241,11500611,발산1동,35643,16815,18828,7192,4277,3772,6448,6052,7902,3577,2108,1789,3013,2922,3406,3615,2169,1983,3435,3130,4496,13557
20241,11140590,광희동,5676,2808,2868,307,1154,1222,673,758,1562,159,454,650,345,416,784,148,700,572,328,342,778,3859
20241,11290600,안암동,14869,7492,7377,1094,5477,2031,1398,1902,2967,576,2817,1147,710,931,1311,518,2660,884,688,971,1656,9778
20241,11320670,쌍문2동,17905,8522,9383,1919,2161,2304,2455,3145,5921,1019,1072,1206,1250,1458,2517,900,1089,1098,1205,1687,3404,8451
20241,11170640,이촌2동,7870,3699,4171,869,833,1272,1131,1294,2471,425,418,640,551,626,1039,444,415,632,580,668,1432,3591
20241,11470610,신월6동,13867,6764,7103,2649,1421,2209,2369,2064,3155,1333,712,1050,1222,997,1450,1316,709,1159,1147,1067,1705,5367
20241,11710642,문정2동,28782,13195,15587,2904,4676,7307,4456,3472,5967,1440,1801,3302,2126,1668,2858,1464,2875,4005,2330,1804,3109,15844
20241,11350580,월계3동,28721,13754,14967,3604,3167,4255,4140,4550,9005,1901,1564,2158,2094,2172,3865,1703,1603,2097,2046,2378,5140,12872
20241,11500604,가양2동,13460,6313,7147,815,1307,2213,1362,1635,6128,434,570,1093,677,784,2755,381,737,1120,685,851,3373,8004
20241,11710680,잠실3동,33805,15960,17845,6578,3530,3519,6057,5459,8662,3272,1716,1492,2781,2674,4025,3306,1814,2027,3276,2785,4637,11814
20241,11410710,북가좌1동,17563,8389,9174,3067,1862,2117,2988,3001,4528,1608,899,980,1408,1495,1999,1459,963,1137,1580,1506,2529,6782
20241,11290770,장위2동,13080,6397,6683,1253,1748,1781,1629,2262,4407,650,854,919,876,1143,1955,603,894,862,753,1119,2452,6575
20241,11230536,용신동,38362,18958,19404,3880,6996,7010,5542,5577,9357,1971,3141,3504,2942,2924,4476,1909,3855,3506,2600,2653,4881,21655
20241,11650530,서초3동,31862,15138,16724,4233,5226,5306,4770,5156,7171,2285,2321,2452,2166,2550,3364,1948,2905,2854,2604,2606,3807,15194
20241,11740610,천호2동,32694,15924,16770,3070,4613,6011,4701,5084,9215,1569,2099,3053,2408,2498,4297,1501,2514,2958,2293,2586,4918,17419
20241,11380510,녹번동,36092,16943,19149,4214,4495,5670,5379,5807,10527,2055,2091,2752,2745,2767,4533,2159,2404,2918,2634,3040,5994,17617
20241,11260660,망우3동,15615,7869,7746,1418,1977,1954,1959,3002,5305,686,992,1066,1044,1503,2578,732,985,888,915,1499,2727,8150
20241,11440630,신수동,22046,10753,11293,3231,3303,3353,3486,3769,4904,1676,1715,1632,1655,1871,2204,1555,1588,1721,1831,1898,2700,9989
20241,11290715,월곡1동,25580,12324,13256,4029,2818,3214,4144,4342,7033,2015,1322,1595,2052,2170,3170,2014,1496,1619,2092,2172,3863,10775
20241,11590680,신대방2동,22684,10857,11827,3307,3677,3873,3490,3231,5106,1680,1686,1885,1710,1580,2316,1627,1991,1988,1780,1651,2790,10901
20241,11290780,장위3동,15519,7611,7908,2784,1948,2233,2635,2529,3390,1405,947,1076,1350,1245,1588,1379,1001,1157,1285,1284,1802,6445
20241,11380690,진관동,54368,25288,29080,10415,6706,6109,9196,9113,12829,5374,2925,2553,4158,4500,5778,5041,3781,3556,5038,4613,7051,21360
20241,11380625,역촌동,43767,20483,23284,4868,5864,5966,6675,7550,12844,2439,2804,2897,3284,3534,5525,2429,3060,3069,3391,4016,7319,20617
20241,11740620,천호3동,25969,12529,13440,2197,4210,5030,3486,3867,7179,1133,1782,2441,1810,1966,3397,1064,2428,2589,1676,1901,3782,14368
20241,11440700,망원2동,17917,8341,9576,2213,2552,2870,2842,2916,4524,1135,1123,1346,1365,1413,1959,1078,1429,1524,1477,1503,2565,8348
20241,11305595,번1동,17358,8652,8706,1339,2827,2519,2518,2901,5254,672,1323,1359,1386,1510,2402,667,1504,1160,1132,1391,2852,10159
20241,11470530,목3동,21206,10060,11146,2379,3090,3786,2997,3368,5586,1265,1485,1845,1444,1519,2502,1114,1605,1941,1553,1849,3084,10074
20241,11530770,오류1동,22559,10732,11827,2051,4022,4550,2980,3031,5925,1022,1640,2288,1531,1516,2735,1029,2382,2262,1449,1515,3190,12645
20241,11740650,성내2동,23452,11433,12019,1873,3921,4390,3062,3447,6759,986,1657,2269,1606,1749,3166,887,2264,2121,1456,1698,3593,13395
20241,11545630,독산3동,23433,11747,11686,1819,3579,3643,2766,4214,7412,910,1751,2030,1501,2044,3511,909,1828,1613,1265,2170,3901,12776
20241,11170560,원효로1동,16956,7874,9082,2035,2849,4187,2648,2178,3059,1053,1083,1956,1293,1079,1410,982,1766,2231,1355,1099,1649,9246
20241,11530560,구로5동,28952,14052,14900,2914,4871,5547,3904,4379,7337,1488,2093,2812,2039,2188,3432,1426,2778,2735,1865,2191,3905,15519
20241,11500593,화곡8동,23468,11313,12155,2351,3535,3798,3576,3586,6622,1204,1690,2003,1867,1684,2865,1147,1845,1795,1709,1902,3757,11692
20241,11170555,청파동,18842,8750,10092,1460,4040,3339,2305,2991,4707,717,1526,1783,1168,1491,2065,743,2514,1556,1137,1500,2642,11116
20241,11560620,양평2동,22288,10893,11395,2856,3622,5349,3276,3043,4142,1460,1610,2673,1636,1565,1949,1396,2012,2676,1640,1478,2193,10913
20241,11410720,북가좌2동,30673,14859,15814,3326,4272,4121,4325,5190,9439,1717,2125,2161,2184,2476,4196,1609,2147,1960,2141,2714,5243,14579
20241,11545640,독산4동,14511,7266,7245,1272,1921,2009,1717,2876,4716,622,974,1076,906,1443,2245,650,947,933,811,1433,2471,7557
20241,11110640,이화동,6891,3277,3614,487,1496,1219,792,1000,1897,254,686,604,402,490,841,233,810,615,390,510,1056,4206
20241,11110615,종로1?2?3?4가동,6658,4029,2629,369,944,974,835,1117,2419,197,456,574,512,761,1529,172,488,400,323,356,890,4883
20241,11560535,영등포동,29839,15326,14513,1900,7604,8392,3528,3320,5095,952,3066,4449,1993,2021,2845,948,4538,3943,1535,1299,2250,21204
20241,11260690,신내2동,19675,9292,10383,2434,2125,2704,2785,3320,6307,1225,1062,1331,1400,1545,2729,1209,1063,1373,1385,1775,3578,8897
20241,11560680,신길6동,19493,9518,9975,2487,2892,3304,2786,2955,5069,1352,1351,1622,1452,1432,2309,1135,1541,1682,1334,1523,2760,9265
20241,11140665,동화동,9941,4786,5155,1332,1138,1278,1416,1801,2976,687,556,634,690,853,1366,645,582,644,726,948,1610,3987
20241,11410520,천연동,16547,7796,8751,2273,1936,2301,2399,2915,4723,1130,932,1103,1149,1427,2055,1143,1004,1198,1250,1488,2668,7609
20241,11440680,합정동,16310,7512,8798,1356,3011,3574,2448,2205,3716,668,1309,1701,1195,1002,1637,688,1702,1873,1253,1203,2079,9188
20241,11140680,중림동,12142,5940,6202,1646,1368,2109,2066,1828,3125,866,587,958,1102,940,1487,780,781,1151,964,888,1638,5937
20241,11440740,상암동,29662,13937,15725,5608,4228,3533,5087,5046,6160,2865,1834,1629,2369,2534,2706,2743,2394,1904,2718,2512,3454,12700
20241,11740580,암사2동,14825,7158,7667,2123,1760,2621,2306,2266,3749,1094,823,1282,1167,1082,1710,1029,937,1339,1139,1184,2039,6375
20241,11215870,구의3동,27836,13145,14691,3858,4079,4489,4065,4687,6658,1909,1868,2168,1909,2228,3063,1949,2211,2321,2156,2459,3595,12048
20241,11650580,반포3동,23761,11271,12490,5151,2582,2533,4499,4268,4728,2632,1260,1128,1973,2176,2102,2519,1322,1405,2526,2092,2626,8199
20241,11215810,광장동,33964,16438,17526,7792,3846,3310,6841,6054,6121,4000,1911,1494,3076,3054,2903,3792,1935,1816,3765,3000,3218,11851
20241,11680600,대치1동,23878,11957,11921,6872,2275,1337,5333,4121,3940,3792,1172,563,2262,2256,1912,3080,1103,774,3071,1865,2028,7218
20241,11530730,고척2동,25749,12684,13065,3300,3084,3007,3629,4710,8019,1693,1564,1543,1802,2352,3730,1607,1520,1464,1827,2358,4289,11447
20241,11200590,금호1가동,14750,7024,7726,2106,1524,2315,2474,2321,4010,1088,737,1083,1276,1104,1736,1018,787,1232,1198,1217,2274,6503
20241,11410615,연희동,33724,16100,17624,3331,7365,5355,4424,4927,8322,1671,3700,2674,2130,2314,3611,1660,3665,2681,2294,2613,4711,18420
20241,11140570,필동,4012,2085,1927,336,748,697,476,567,1188,176,371,378,257,328,575,160,377,319,219,239,613,2495
20241,11440590,용강동,21098,9951,11147,3985,1997,3386,4218,3157,4355,1980,909,1533,1990,1605,1934,2005,1088,1853,2228,1552,2421,9236
20241,11440555,아현동,28335,13175,15160,4932,3170,5561,4986,4207,5479,2368,1350,2486,2506,2003,2462,2564,1820,3075,2480,2204,3017,11924
20241,11320681,쌍문4동,18061,8536,9525,2733,2180,2113,2651,3212,5172,1440,1107,996,1249,1435,2309,1293,1073,1117,1402,1777,2863,7093
20241,11170530,남영동,6819,4160,2659,353,767,1006,842,1451,2400,194,339,550,513,994,1570,159,428,456,329,457,830,4845
20241,11530800,항동,16335,7906,8429,3938,1379,3015,3308,1830,2865,1988,670,1336,1748,864,1300,1950,709,1679,1560,966,1565,6252
20241,11590650,사당4동,13771,6587,7184,1226,2307,2363,1912,1984,3979,635,1053,1227,986,954,1732,591,1254,1136,926,1030,2247,7233
20241,11110570,무악동,7963,3652,4311,1473,823,813,1301,1434,2119,630,387,379,610,716,930,843,436,434,691,718,1189,3007
20241,11680656,도곡2동,32648,15135,17513,7204,3520,3007,6127,5568,7222,3363,1568,1279,2682,2771,3472,3841,1952,1728,3445,2797,3750,11471
20241,11680750,수서동,14026,6312,7714,1011,1134,1895,1573,1854,6559,494,578,951,798,843,2648,517,556,944,775,1011,3911,7719
20241,11680720,일원본동,22796,11239,11557,5022,2258,2549,4257,3663,5047,2895,1173,1177,1911,1777,2306,2127,1085,1372,2346,1886,2741,7994
20241,11305575,삼각산동,30604,14688,15916,6040,3295,3197,5643,5510,6919,3112,1629,1510,2687,2762,2988,2928,1666,1687,2956,2748,3931,11515
20241,11740540,명일2동,17034,8298,8736,3313,2117,1797,2939,2672,4196,1797,1015,850,1299,1332,2005,1516,1102,947,1640,1340,2191,6424
20241,11290610,보문동,16145,7748,8397,1933,2644,2807,2275,2686,3800,957,1228,1404,1166,1307,1686,976,1416,1403,1109,1379,2114,8126
20241,11380530,불광2동,26600,12782,13818,2240,3809,3761,3318,4614,8858,1149,1840,1946,1713,2193,3941,1091,1969,1815,1605,2421,4917,13965
20241,11215780,능동,11053,5063,5990,919,2217,2459,1604,1443,2411,462,958,1120,771,687,1065,457,1259,1339,833,756,1346,6456
20241,11320680,쌍문3동,16449,7872,8577,1590,2375,2361,2240,2788,5095,791,1114,1214,1151,1332,2270,799,1261,1147,1089,1456,2825,8192
20241,11470520,목2동,28816,13924,14892,3551,4299,5100,4253,4698,6915,1877,2069,2568,2067,2174,3169,1674,2230,2532,2186,2524,3746,13299
20241,11215820,자양1동,21795,10556,11239,2105,3873,3812,3127,3377,5501,1095,1879,1986,1530,1654,2412,1010,1994,1826,1597,1723,3089,11960
20241,11350670,상계5동,22979,11152,11827,2533,2909,2567,2991,4369,7610,1298,1503,1383,1484,2114,3370,1235,1406,1184,1507,2255,4240,10900
20241,11560660,신길4동,10315,5096,5219,1110,1231,1489,1375,1756,3354,579,630,796,714,871,1506,531,601,693,661,885,1848,5081
20241,11470580,신월3동,14261,7502,6759,1565,1685,1854,1910,2539,4708,840,892,1002,1044,1408,2316,725,793,852,866,1131,2392,7693
20241,11740560,고덕2동,22684,11427,11257,4754,2039,3425,4400,3203,4863,2520,1039,1636,2261,1594,2377,2234,1000,1789,2139,1609,2486,8924
20241,11260580,상봉1동,23195,11266,11929,3239,2914,3373,3269,3951,6449,1690,1420,1675,1676,1851,2954,1549,1494,1698,1593,2100,3495,10132
20241,11500591,화곡6동,24357,11645,12712,2370,4127,4399,3369,3688,6404,1244,1810,2169,1757,1755,2910,1126,2317,2230,1612,1933,3494,12808
20241,11500550,화곡2동,17041,8180,8861,2091,2333,2600,2758,2777,4482,1053,1136,1390,1368,1307,1926,1038,1197,1210,1390,1470,2556,8150
20241,11170520,용산2가동,8866,4311,4555,691,1307,1624,1227,1243,2774,361,663,845,659,590,1193,330,644,779,568,653,1581,5007
20241,11500615,우장산동,43709,20877,22832,8547,5208,5251,8190,7110,9403,4204,2384,2553,3812,3546,4378,4343,2824,2698,4378,3564,5025,16799
20241,11140605,을지로동,3208,1742,1466,211,512,956,454,370,705,98,203,536,249,225,431,113,309,420,205,145,274,2292
20241,11260620,묵1동,33661,16051,17610,4651,4688,4558,5110,5530,9124,2354,2163,2237,2504,2664,4129,2297,2525,2321,2606,2866,4995,14934
20241,11740690,둔촌1동,16,10,6,2,0,1,5,1,7,2,0,1,2,0,5,0,0,0,3,1,2,11
20241,11650651,양재1동,41970,19916,22054,7162,4669,5981,7018,6403,10737,3612,2305,2898,3364,3050,4687,3550,2364,3083,3654,3353,6050,17799
20241,11440730,성산2동,38537,17159,21378,4756,6487,6726,5575,5968,9025,2416,2439,3011,2635,2891,3767,2340,4048,3715,2940,3077,5258,19332
20241,11305534,삼양동,22402,11147,11255,2574,2809,2595,3062,4170,7192,1354,1477,1373,1585,2071,3287,1220,1332,1222,1477,2099,3905,10805
20241,11380570,대조동,27359,12627,14732,2350,5092,4895,3556,4097,7369,1168,2033,2437,1772,1972,3245,1182,3059,2458,1784,2125,4124,15341
20241,11620605,은천동,32359,15843,16516,4077,5082,5050,4730,4764,8656,2107,2408,2642,2396,2413,3877,1970,2674,2408,2334,2351,4779,16051
20241,11290685,길음2동,21666,10347,11319,4065,2507,2856,3847,3714,4677,2097,1180,1335,1818,1835,2082,1968,1327,1521,2029,1879,2595,8617
20241,11440655,서강동,24556,11694,12862,3262,4707,4051,3790,3723,5023,1689,2198,1925,1859,1775,2248,1573,2509,2126,1931,1948,2775,12147
20234,11650651,양재1동,41970,19916,22054,7162,4669,5981,7018,6403,10737,3612,2305,2898,3364,3050,4687,3550,2364,3083,3654,3353,6050,17799
20234,11440730,성산2동,38537,17159,21378,4756,6487,6726,5575,5968,9025,2416,2439,3011,2635,2891,3767,2340,4048,3715,2940,3077,5258,19332
20234,11305534,삼양동,22402,11147,11255,2574,2809,2595,3062,4170,7192,1354,1477,1373,1585,2071,3287,1220,1332,1222,1477,2099,3905,10805
20234,11380570,대조동,27359,12627,14732,2350,5092,4895,3556,4097,7369,1168,2033,2437,1772,1972,3245,1182,3059,2458,1784,2125,4124,15341
20234,11620605,은천동,32359,15843,16516,4077,5082,5050,4730,4764,8656,2107,2408,2642,2396,2413,3877,1970,2674,2408,2334,2351,4779,16051
20234,11290685,길음2동,21666,10347,11319,4065,2507,2856,3847,3714,4677,2097,1180,1335,1818,1835,2082,1968,1327,1521,2029,1879,2595,8617
20234,11440655,서강동,24556,11694,12862,3262,4707,4051,3790,3723,5023,1689,2198,1925,1859,1775,2248,1573,2509,2126,1931,1948,2775,12147
20234,11290610,보문동,16145,7748,8397,1933,2644,2807,2275,2686,3800,957,1228,1404,1166,1307,1686,976,1416,1403,1109,1379,2114,8126
20234,11380530,불광2동,26600,12782,13818,2240,3809,3761,3318,4614,8858,1149,1840,1946,1713,2193,3941,1091,1969,1815,1605,2421,4917,13965
20234,11215780,능동,11053,5063,5990,919,2217,2459,1604,1443,2411,462,958,1120,771,687,1065,457,1259,1339,833,756,1346,6456
20234,11320680,쌍문3동,16449,7872,8577,1590,2375,2361,2240,2788,5095,791,1114,1214,1151,1332,2270,799,1261,1147,1089,1456,2825,8192
20234,11470520,목2동,28816,13924,14892,3551,4299,5100,4253,4698,6915,1877,2069,2568,2067,2174,3169,1674,2230,2532,2186,2524,3746,13299
20234,11215820,자양1동,21795,10556,11239,2105,3873,3812,3127,3377,5501,1095,1879,1986,1530,1654,2412,1010,1994,1826,1597,1723,3089,11960
20234,11350670,상계5동,22979,11152,11827,2533,2909,2567,2991,4369,7610,1298,1503,1383,1484,2114,3370,1235,1406,1184,1507,2255,4240,10900
20234,11560660,신길4동,10315,5096,5219,1110,1231,1489,1375,1756,3354,579,630,796,714,871,1506,531,601,693,661,885,1848,5081
20234,11470580,신월3동,14261,7502,6759,1565,1685,1854,1910,2539,4708,840,892,1002,1044,1408,2316,725,793,852,866,1131,2392,7693
20234,11740560,고덕2동,22684,11427,11257,4754,2039,3425,4400,3203,4863,2520,1039,1636,2261,1594,2377,2234,1000,1789,2139,1609,2486,8924
20234,11260580,상봉1동,23195,11266,11929,3239,2914,3373,3269,3951,6449,1690,1420,1675,1676,1851,2954,1549,1494,1698,1593,2100,3495,10132
20234,11500591,화곡6동,24357,11645,12712,2370,4127,4399,3369,3688,6404,1244,1810,2169,1757,1755,2910,1126,2317,2230,1612,1933,3494,12808
20234,11500550,화곡2동,17041,8180,8861,2091,2333,2600,2758,2777,4482,1053,1136,1390,1368,1307,1926,1038,1197,1210,1390,1470,2556,8150
20234,11170520,용산2가동,8866,4311,4555,691,1307,1624,1227,1243,2774,361,663,845,659,590,1193,330,644,779,568,653,1581,5007
20234,11500615,우장산동,43709,20877,22832,8547,5208,5251,8190,7110,9403,4204,2384,2553,3812,3546,4378,4343,2824,2698,4378,3564,5025,16799
20234,11140605,을지로동,3208,1742,1466,211,512,956,454,370,705,98,203,536,249,225,431,113,309,420,205,145,274,2292
20234,11260620,묵1동,33661,16051,17610,4651,4688,4558,5110,5530,9124,2354,2163,2237,2504,2664,4129,2297,2525,2321,2606,2866,4995,14934
20234,11740590,암사3동,17136,8416,8720,3437,1763,2030,3124,2594,4188,1811,890,943,1520,1275,1977,1626,873,1087,1604,1319,2211,6078
20234,11740520,상일동,39307,19334,19973,9332,3437,5097,8026,5494,7921,4772,1726,2319,3983,2720,3814,4560,1711,2778,4043,2774,4107,13601
20234,11590510,노량진1동,32005,16255,15750,3388,5723,5768,4068,4572,8486,1747,3044,3276,2172,2296,3720,1641,2679,2492,1896,2276,4766,16917
20234,11560550,당산1동,20951,10105,10846,1865,3681,4911,2670,2884,4940,947,1533,2518,1369,1468,2270,918,2148,2393,1301,1416,2670,11632
20234,11470550,목5동,40702,20159,20543,10213,3947,3450,8541,6786,7765,5574,2006,1555,3792,3495,3737,4639,1941,1895,4749,3291,4028,13447
20234,11320514,창4동,26168,12513,13655,3711,3414,3341,3902,4742,7058,1907,1656,1653,1858,2204,3235,1804,1758,1688,2044,2538,3823,10984
20234,11110710,숭인2동,9499,4638,4861,483,2234,1740,1013,1536,2493,227,859,890,547,835,1280,256,1375,850,466,701,1213,6369
20234,11110530,사직동,8992,3989,5003,1122,1044,1412,1407,1477,2530,510,440,632,611,680,1116,612,604,780,796,797,1414,4532
20234,11170570,원효로2동,13626,6396,7230,1710,1909,2315,1973,2222,3497,776,842,1138,987,1083,1570,934,1067,1177,986,1139,1927,6245
20234,11545670,시흥1동,32115,15959,16156,3415,4325,4825,4376,5529,9645,1800,2136,2539,2286,2771,4427,1615,2189,2286,2090,2758,5218,16342
20234,11470570,신월2동,20779,10130,10649,2995,2437,2722,3270,3235,6120,1500,1246,1358,1669,1584,2773,1495,1191,1364,1601,1651,3347,8702
20234,11350600,공릉2동,41435,20163,21272,7053,6862,5438,6599,6387,9096,3643,3362,2693,3179,3130,4156,3410,3500,2745,3420,3257,4940,17741
20234,11170660,이태원2동,8657,4044,4613,767,1192,1695,1293,1247,2463,370,605,850,634,568,1017,397,587,845,659,679,1446,4845
20234,11710646,장지동,28473,13711,14762,4331,3521,4383,4387,4637,7214,2192,1799,2173,2194,2141,3212,2139,1722,2210,2193,2496,4002,12055
20234,11650570,반포2동,23322,11070,12252,5945,2189,2186,4645,3835,4522,2970,1043,901,2069,2012,2075,2975,1146,1285,2576,1823,2447,7603
20234,11350570,월계2동,25485,12230,13255,3245,2758,2828,3747,4300,8607,1680,1420,1408,1897,2107,3718,1565,1338,1420,1850,2193,4889,11694
20234,11620765,미성동,29526,14465,15061,3333,4339,4111,4090,4825,8828,1680,2109,2204,2088,2337,4047,1653,2230,1907,2002,2488,4781,14233
20234,11380650,수색동,20440,9936,10504,3213,2561,3587,2992,3554,4533,1616,1289,1750,1521,1717,2043,1597,1272,1837,1471,1837,2490,8249
20234,11350625,중계2?3동,32502,14828,17674,4195,3658,3820,4805,5565,10459,2088,1801,1884,2319,2622,4114,2107,1857,1936,2486,2943,6345,14980
20234,11110580,교남동,9715,4456,5259,1530,1142,1407,1697,1622,2317,741,521,639,785,789,981,789,621,768,912,833,1336,4341
20234,11350612,하계2동,21306,10129,11177,3682,2596,2462,3461,3825,5280,1905,1356,1168,1602,1825,2273,1777,1240,1294,1859,2000,3007,8207
20234,11350621,중계1동,26318,12840,13478,6900,2811,1858,5725,4881,4143,3691,1467,829,2470,2516,1867,3209,1344,1029,3255,2365,2276,8923
20234,11230610,답십리2동,27467,13247,14220,3293,3181,4231,3775,4588,8399,1605,1584,2158,1912,2237,3751,1688,1597,2073,1863,2351,4648,12454
20234,11710520,풍납2동,23552,11093,12459,3408,3330,3689,3709,3552,5864,1727,1415,1735,1817,1709,2690,1681,1915,1954,1892,1843,3174,10513
20234,11260590,상봉2동,20258,9631,10627,1387,4154,4749,2415,2869,4684,702,1649,2314,1283,1453,2230,685,2505,2435,1132,1416,2454,12531
20234,11650590,방배본동,20401,9406,10995,3930,2442,2230,3630,3553,4616,1855,1101,998,1601,1740,2111,2075,1341,1232,2029,1813,2505,7917
20234,11230710,회기동,10313,4883,5430,996,3406,1479,1160,1219,2053,494,1536,797,565,630,861,502,1870,682,595,589,1192,6575
20234,11320700,방학2동,18535,9360,9175,1901,2134,1972,2338,3524,6666,986,1159,1103,1212,1791,3109,915,975,869,1126,1733,3557,9126
20234,11260565,면목본동,32648,16095,16553,2811,4744,5276,4441,5854,9522,1442,2267,2771,2364,2912,4339,1369,2477,2505,2077,2942,5183,17709
20234,11650510,서초1동,20154,9749,10405,2980,2660,3273,3563,3167,4511,1582,1323,1544,1633,1558,2109,1398,1337,1729,1930,1609,2402,9392
20234,11710632,가락2동,31181,15186,15995,5254,4005,4610,5066,5110,7136,2728,1978,2264,2444,2461,3311,2526,2027,2346,2622,2649,3825,12362
20234,11680531,논현2동,20369,9434,10935,2079,3161,4071,3605,3040,4413,1050,1386,1859,1712,1436,1991,1029,1775,2212,1893,1604,2422,11204
20234,11650610,방배2동,18010,8404,9606,2442,2281,2679,2744,2828,5036,1218,1131,1237,1272,1301,2245,1224,1150,1442,1472,1527,2791,7831
20234,11305645,우이동,19766,9445,10321,2065,2304,2383,2607,3519,6888,1050,1073,1244,1355,1697,3026,1015,1231,1139,1252,1822,3862,9518
20234,11290760,장위1동,23354,11327,12027,3194,3016,3150,3511,4103,6380,1585,1488,1621,1808,1948,2877,1609,1528,1529,1703,2155,3503,10588
20234,11230730,휘경2동,24158,12015,12143,2811,5838,3023,3127,3560,5799,1391,3026,1613,1582,1781,2622,1420,2812,1410,1545,1779,3177,12643
20234,11350619,중계본동,23040,11163,11877,5334,2899,1645,4258,4637,4267,2719,1456,803,1845,2324,2016,2615,1443,842,2413,2313,2251,8133
20234,11380580,응암1동,32659,15258,17401,4871,4200,5235,5463,5059,7831,2500,1812,2497,2671,2457,3321,2371,2388,2738,2792,2602,4510,15086
20234,11305625,수유2동,20502,9717,10785,2064,2590,2319,2733,3547,7249,1076,1186,1245,1410,1682,3118,988,1404,1074,1323,1865,4131,9767
20234,11320512,창2동,28172,13658,14514,3392,3737,3782,4103,4947,8211,1737,1841,1919,2095,2330,3736,1655,1896,1863,2008,2617,4475,12509
20234,11305535,미아동,20841,9966,10875,1702,3520,2708,2628,3535,6748,904,1477,1474,1342,1747,3022,798,2043,1234,1286,1788,3726,11645
20234,11230720,휘경1동,13580,6428,7152,1420,3601,2055,1613,1886,3005,698,1505,1093,827,907,1398,722,2096,962,786,979,1607,7552
20234,11410700,남가좌2동,29083,14033,15050,4681,4083,4081,4720,4487,7031,2367,1986,1979,2379,2203,3119,2314,2097,2102,2341,2284,3912,13349
20234,11140670,황학동,12685,5986,6699,1103,2172,2968,1817,1685,2940,562,881,1456,926,818,1343,541,1291,1512,891,867,1597,7419
20234,11560585,도림동,17562,8900,8662,1605,2542,3250,2425,2902,4838,834,1234,1723,1293,1533,2283,771,1308,1527,1132,1369,2555,9621
20234,11215730,군자동,19048,9394,9654,1577,4259,3440,2476,2640,4656,826,2050,1785,1249,1328,2156,751,2209,1655,1227,1312,2500,11293
20234,11545510,가산동,24622,13262,11360,1183,6982,6580,2804,2716,4357,593,3140,3964,1719,1598,2248,590,3842,2616,1085,1118,2109,18077
20234,11380631,신사1동,26462,12698,13764,2997,3592,3776,3864,4436,7797,1530,1796,1915,1930,2094,3433,1467,1796,1861,1934,2342,4364,12059
20234,11215710,화양동,24821,11760,13061,1242,10467,4995,2328,2294,3495,569,4475,2584,1249,1238,1645,673,5992,2411,1079,1056,1850,18696
20234,11470650,신정4동,31687,15407,16280,3158,4945,4794,4564,5229,8997,1622,2327,2520,2311,2538,4089,1536,2618,2274,2253,2691,4908,16216
20234,11170685,한남동,17711,8532,9179,2037,2037,3193,2924,2831,4689,1059,1018,1548,1469,1337,2101,978,1019,1645,1455,1494,2588,9323
20234,11110650,혜화동,15833,7605,8228,1689,4273,2038,1904,2304,3625,833,2111,1077,919,1094,1571,856,2162,961,985,1210,2054,9092
20234,11320513,창3동,13163,6549,6614,1407,1487,1503,1893,2437,4436,758,776,813,984,1209,2009,649,711,690,909,1228,2427,6402
20234,11410555,북아현동,15401,7379,8022,2242,1925,2786,2525,2474,3449,1157,851,1325,1302,1197,1547,1085,1074,1461,1223,1277,1902,7031
20234,11470630,신정2동,18773,9207,9566,3948,2123,1564,3465,3405,4268,2034,1087,737,1561,1781,2007,1914,1036,827,1904,1624,2261,6828
20234,11200650,성수1가1동,15394,7652,7742,1722,2196,2841,2013,2745,3877,901,1102,1424,1008,1329,1888,821,1094,1417,1005,1416,1989,7434
20234,11320660,쌍문1동,20484,9807,10677,2281,2632,2371,2743,3678,6779,1143,1198,1234,1400,1792,3040,1138,1434,1137,1343,1886,3739,9257
20234,11740685,길동,44395,21594,22801,4611,6297,7127,6419,7099,12842,2411,2946,3637,3290,3428,5882,2200,3351,3490,3129,3671,6960,21799
20234,11545690,시흥3동,10153,5020,5133,1022,1164,1276,1264,1831,3596,519,599,691,659,888,1664,503,565,585,605,943,1932,4581
20234,11320511,창1동,23774,11340,12434,3055,2927,3114,3534,4185,6959,1565,1436,1615,1721,1965,3038,1490,1491,1499,1813,2220,3921,10766
20234,11290725,월곡2동,18900,8965,9935,2131,3483,2565,2489,2953,5279,1111,1367,1337,1250,1491,2409,1020,2116,1228,1239,1462,2870,9649
20234,11215760,중곡3동,15681,7737,7944,1436,2305,2714,2050,2676,4500,741,1106,1417,1078,1317,2078,695,1199,1297,972,1359,2422,8495
20234,11710510,풍납1동,11750,5769,5981,1225,1267,1627,1584,1988,4059,678,652,855,801,967,1816,547,615,772,783,1021,2243,5572
20234,11440610,염리동,16719,7963,8756,2922,2412,2746,3054,2505,3080,1465,1091,1321,1477,1269,1340,1457,1321,1425,1577,1236,1740,7762
20234,11200670,성수2가1동,14544,7539,7005,1301,1837,2399,1889,2557,4561,659,949,1295,1018,1355,2263,642,888,1104,871,1202,2298,7587
20234,11500560,화곡3동,21093,10044,11049,2563,2979,3092,3065,3165,6229,1353,1342,1515,1497,1486,2851,1210,1637,1577,1568,1679,3378,9685
20234,11680510,신사동,15436,7204,8232,2348,1899,2022,2506,2568,4093,1199,878,914,1115,1255,1843,1149,1021,1108,1391,1313,2250,6717
20234,11170590,용문동,11380,5423,5957,1264,1613,1939,1576,1846,3142,631,762,981,793,893,1363,633,851,958,783,953,1779,5307
20234,11590670,신대방1동,23282,11152,12130,3513,3325,3095,3612,3868,5869,1727,1572,1552,1714,1915,2672,1786,1753,1543,1898,1953,3197,10423
20234,11740570,암사1동,33825,16775,17050,4027,4289,4876,5160,5816,9657,2023,2232,2550,2678,2857,4435,2004,2057,2326,2482,2959,5222,16155
20234,11200560,행당1동,13629,6526,7103,1824,2164,2212,2056,2161,3212,898,995,1102,1011,1023,1497,926,1169,1110,1045,1138,1715,6397
20234,11200620,금호4가동,14142,6694,7448,2116,1311,2308,2621,2123,3663,1098,661,1063,1289,1045,1538,1018,650,1245,1332,1078,2125,6398
20234,11680655,도곡1동,20005,9502,10503,3672,2411,2742,3513,3246,4421,1738,1167,1256,1631,1620,2090,1934,1244,1486,1882,1626,2331,8034
20234,11110670,창신1동,4523,2397,2126,280,522,621,501,840,1759,149,271,355,273,441,908,131,251,266,228,399,851,2628
20234,11710670,잠실2동,34909,16705,18204,9113,3341,3220,8042,5660,5533,4653,1533,1304,3688,3000,2527,4460,1808,1916,4354,2660,3006,11542
20234,11740660,성내3동,22433,10963,11470,2471,3268,3311,3357,3800,6226,1392,1667,1703,1625,1817,2759,1079,1601,1608,1732,1983,3467,10645
20234,11650620,방배3동,15757,7500,8257,2670,1800,1874,2500,2602,4311,1335,894,849,1141,1243,2038,1335,906,1025,1359,1359,2273,5855
20234,11545680,시흥2동,20564,9831,10733,3156,2108,2230,2999,3655,6416,1549,1075,1111,1432,1737,2927,1607,1033,1119,1567,1918,3489,8238
20234,11350695,상계6?7동,31400,14467,16933,4531,4011,4657,4833,5511,7857,2328,1908,2248,2223,2475,3285,2203,2103,2409,2610,3036,4572,13887
20234,11680740,일원2동,16833,8153,8680,2624,1629,2392,2921,2447,4820,1590,869,1165,1377,1194,1958,1034,760,1227,1544,1253,2862,7377
20234,11680660,개포1동,6765,3265,3500,1151,649,638,1068,1017,2242,559,319,289,499,510,1089,592,330,349,569,507,1153,2547
20234,11305615,수유1동,19842,9710,10132,1918,2797,2644,2591,3325,6567,967,1300,1448,1389,1649,2957,951,1497,1196,1202,1676,3610,10418
20234,11410565,충현동,19682,9454,10228,2309,3004,3356,2797,3158,5058,1143,1369,1646,1413,1560,2323,1166,1635,1710,1384,1598,2735,10070
20234,11590620,사당1동,22415,10798,11617,1388,5074,4744,2832,2807,5570,740,2283,2484,1498,1312,2481,648,2791,2260,1334,1495,3089,13773
20234,11680650,역삼2동,36348,16944,19404,7981,4370,4509,8338,5910,5240,3733,1871,2047,3684,3231,2378,4248,2499,2462,4654,2679,2862,15611
20234,11740700,둔촌2동,24228,11861,12367,3360,3110,3688,3495,3911,6664,1764,1532,1874,1752,1868,3071,1596,1578,1814,1743,2043,3593,10426
20234,11350665,상계3?4동,27489,13675,13814,3585,3100,2909,3876,4953,9066,1887,1634,1567,1965,2469,4153,1698,1466,1342,1911,2484,4913,12412
20234,11305545,송중동,28576,13737,14839,3126,3770,3735,4089,4933,8923,1540,1822,1902,2089,2365,4019,1586,1948,1833,2000,2568,4904,13802
20234,11260680,신내1동,37757,18186,19571,6092,4249,4537,5613,6197,11069,3123,2172,2232,2746,2917,4996,2969,2077,2305,2867,3280,6073,14887
20234,11590530,상도1동,44464,21556,22908,5282,10237,5927,5858,6511,10649,2652,5321,2989,2814,3092,4688,2630,4916,2938,3044,3419,5961,22704
20234,11590520,노량진2동,10181,5312,4869,556,1990,1838,1163,1466,3168,274,1025,1095,672,786,1460,282,965,743,491,680,1708,6725
20234,11620630,남현동,17668,8549,9119,1419,3785,3659,2115,2398,4292,719,1752,1971,1069,1113,1925,700,2033,1688,1046,1285,2367,9874
20234,11710620,가락본동,25171,12461,12710,2965,3485,4476,3545,4192,6508,1512,1737,2282,1800,1984,3146,1453,1748,2194,1745,2208,3362,11567
20234,11230560,전농1동,32107,15979,16128,4034,4839,4460,4730,5311,8733,2037,2340,2296,2466,2739,4101,1997,2499,2164,2264,2572,4632,16020
20234,11650531,서초4동,30281,14804,15477,6584,3448,3064,5826,5248,6111,3449,1710,1331,2710,2676,2928,3135,1738,1733,3116,2572,3183,10706
20234,11680670,개포2동,41708,20173,21535,8783,4683,6170,7516,6679,7877,4470,2293,2841,3485,3295,3789,4313,2390,3329,4031,3384,4088,14821
20234,11290630,정릉2동,22510,10838,11672,2837,3023,2989,3163,3828,6670,1473,1502,1484,1602,1836,2941,1364,1521,1505,1561,1992,3729,9902
20234,11230740,이문1동,17724,8739,8985,1705,5173,2026,1959,2472,4389,861,2456,1156,1006,1278,1982,844,2717,870,953,1194,2407,10654
20234,11620585,낙성대동,17211,8618,8593,1292,5749,3833,1853,1665,2819,641,2714,2115,999,881,1268,651,3035,1718,854,784,1551,11903
20234,11710531,거여1동,12011,6013,5998,1339,1588,1640,1595,2163,3686,704,811,863,812,1096,1727,635,777,777,783,1067,1959,5558
20234,11710650,잠실본동,27731,13208,14523,2445,4952,6226,4164,3970,5974,1245,2180,3103,2048,1922,2710,1200,2772,3123,2116,2048,3264,16073
20234,11680580,삼성1동,12134,5938,6196,1774,1553,1712,1917,2050,3128,949,838,826,882,984,1459,825,715,886,1035,1066,1669,5230
20234,11680610,대치2동,38212,19396,18816,8922,4008,3306,7349,6670,7957,5235,2160,1541,3164,3430,3866,3687,1848,1765,4185,3240,4091,13293
20234,11530550,구로4동,18646,8980,9666,1480,2506,2746,2349,3122,6443,763,1189,1412,1235,1543,2838,717,1317,1334,1114,1579,3605,10345
20234,11350624,중계4동,19114,9151,9963,2800,2288,1812,2878,3591,5745,1472,1192,916,1357,1778,2436,1328,1096,896,1521,1813,3309,8209
20234,11350640,상계2동,19105,9426,9679,2261,2910,2133,2514,3737,5550,1105,1496,1122,1253,1834,2616,1156,1414,1011,1261,1903,2934,8558
20234,11215860,구의2동,25468,12150,13318,3443,3280,3587,3950,4410,6798,1753,1577,1763,1923,2085,3049,1690,1703,1824,2027,2325,3749,11380
20234,11470611,신월7동,18588,9029,9559,1852,2130,2501,2418,3218,6469,961,1092,1338,1272,1561,2805,891,1038,1163,1146,1657,3664,8930
20234,11500520,등촌1동,24933,11521,13412,2379,4735,6640,3456,3071,4652,1282,1883,3074,1772,1444,2066,1097,2852,3566,1684,1627,2586,14262
20234,11110540,삼청동,2247,1075,1172,248,238,283,316,351,811,133,121,131,153,171,366,115,117,152,163,180,445,1120
20234,11380560,구산동,31429,15279,16150,3813,4234,3793,4530,5645,9414,1895,1984,1896,2313,2740,4451,1918,2250,1897,2217,2905,4963,13477
20234,11140650,신당5동,10151,4914,5237,966,1494,1791,1397,1757,2746,462,664,898,727,910,1253,504,830,893,670,847,1493,5385
20234,11215830,자양2동,23591,11450,12141,2882,3208,3682,3540,3903,6376,1468,1588,1859,1734,1849,2952,1414,1620,1823,1806,2054,3424,10890
20234,11740550,고덕1동,23932,12182,11750,6073,1949,2426,5297,3431,4756,3392,1057,1132,2557,1813,2231,2681,892,1294,2740,1618,2525,8155
20234,11470620,신정1동,19716,9582,10134,4413,2061,1765,3859,3370,4248,2279,1053,814,1774,1702,1960,2134,1008,951,2085,1668,2288,6958
20234,11290650,정릉4동,24009,11457,12552,3160,3050,2863,3583,4243,7110,1633,1504,1431,1747,2059,3083,1527,1546,1432,1836,2184,4027,10737
20234,11140520,소공동,2178,1027,1151,289,218,442,514,320,395,130,79,205,250,170,193,159,139,237,264,150,202,1231
20234,11440565,공덕동,36426,16993,19433,4002,5749,6487,4980,6129,9079,2074,2349,3100,2501,2951,4018,1928,3400,3387,2479,3178,5061,18559
20234,11560720,대림3동,21488,10727,10761,2133,2698,3121,2678,3864,6994,1068,1431,1681,1388,1889,3270,1065,1267,1440,1290,1975,3724,10303
20234,11260540,면목4동,18121,9021,9100,1938,2212,2460,2636,3198,5677,1015,1143,1274,1399,1637,2553,923,1069,1186,1237,1561,3124,8928
20234,11410690,남가좌1동,16699,7994,8705,3810,1559,2235,3430,2364,3301,1914,728,970,1742,1171,1469,1896,831,1265,1688,1193,1832,6161
20234,11110630,종로5?6가동,5376,2824,2552,359,1180,886,571,855,1525,161,546,493,322,494,808,198,634,393,249,361,717,3576
20234,11200520,왕십리2동,15974,7663,8311,2097,2174,2781,2315,2596,4011,1065,1012,1354,1158,1260,1814,1032,1162,1427,1157,1336,2197,7303
20234,11140580,장충동,4549,2371,2178,389,1271,663,499,578,1149,201,707,374,262,303,524,188,564,289,237,275,625,2833
20234,11710631,가락1동,27469,13286,14183,5719,2571,4733,4925,3631,5890,2940,1266,2134,2441,1684,2821,2779,1305,2599,2484,1947,3069,9799
20234,11200580,응봉동,14940,7088,7852,2460,1666,2031,2607,2508,3668,1275,779,973,1230,1227,1604,1185,887,1058,1377,1281,2064,5949
20234,11470670,신정6동,23959,11598,12361,5302,2631,2449,4474,4245,4858,2727,1336,1137,1998,2058,2342,2575,1295,1312,2476,2187,2516,8185
20234,11650520,서초2동,24636,11631,13005,4292,3376,4799,4571,3206,4392,2197,1428,2184,2145,1610,2067,2095,1948,2615,2426,1596,2325,11340
20234,11560690,신길7동,19779,9835,9944,3668,2416,3282,3383,2949,4081,1923,1236,1634,1715,1402,1925,1745,1180,1648,1668,1547,2156,7880
20234,11710710,잠실6동,16514,7825,8689,2948,1768,1981,2777,2606,4434,1498,849,896,1280,1210,2092,1450,919,1085,1497,1396,2342,5834
20234,11305660,인수동,29069,14019,15050,3074,3468,3443,3874,4989,10221,1558,1693,1814,2007,2413,4534,1516,1775,1629,1867,2576,5687,14159
20234,11290580,돈암1동,14260,6652,7608,1740,1842,1866,1829,2593,4390,863,839,920,884,1225,1921,877,1003,946,945,1368,2469,6052
20234,11650560,반포1동,33740,16468,17272,6962,3952,5028,7041,4810,5947,3526,1859,2391,3421,2586,2685,3436,2093,2637,3620,2224,3262,14637
20234,11620525,보라매동,23092,11443,11649,2135,4351,4053,2939,3266,6348,1108,2104,2267,1535,1611,2818,1027,2247,1786,1404,1655,3530,12670
20234,11620575,행운동,28758,13926,14832,2079,7607,5942,3444,3392,6294,1032,3393,3181,1793,1694,2833,1047,4214,2761,1651,1698,3461,18159
20234,11620625,인헌동,25385,12283,13102,2133,5807,4960,3141,3495,5849,1113,2693,2564,1628,1664,2621,1020,3114,2396,1513,1831,3228,14772
20234,11620615,중앙동,15126,7305,7821,856,4374,3231,1662,1659,3344,428,1901,1723,885,843,1525,428,2473,1508,777,816,1819,10136
20234,11290640,정릉3동,14934,7431,7503,1346,3370,1799,1548,2287,4584,727,1866,1016,789,1107,1926,619,1504,783,759,1180,2658,8201
20234,11350611,하계1동,26128,12492,13636,3719,4532,2631,3348,4814,7084,2010,2414,1350,1483,2327,2908,1709,2118,1281,1865,2487,4176,12129
20234,11380552,갈현2동,27415,12947,14468,3291,3884,3568,4064,4876,7732,1668,1830,1798,1990,2289,3372,1623,2054,1770,2074,2587,4360,12523
20234,11380600,응암3동,23429,11287,12142,1971,3287,3255,3038,3863,8015,1007,1608,1710,1566,1944,3452,964,1679,1545,1472,1919,4563,12504
20234,11650652,양재2동,21157,10608,10549,2407,3148,4068,3407,3370,4757,1287,1596,2135,1731,1659,2200,1120,1552,1933,1676,1711,2557,10943
20234,11710562,방이2동,26094,11878,14216,2020,5130,6448,3632,3345,5519,1095,1992,2941,1815,1528,2507,925,3138,3507,1817,1817,3012,15656
20234,11620695,신림동,22622,12090,10532,681,8720,6189,2449,1806,2777,339,4196,3697,1470,1065,1323,342,4524,2492,979,741,1454,18724
20234,11620565,성현동,28222,13577,14645,4164,3618,3398,4450,4782,7810,2139,1817,1711,2188,2379,3343,2025,1801,1687,2262,2403,4467,12187
20234,11410685,홍은2동,28505,13661,14844,3665,4137,3981,4039,4803,7880,1842,2036,2064,1977,2303,3439,1823,2101,1917,2062,2500,4441,13166
20234,11740600,천호1동,25942,12735,13207,2644,3280,3850,3678,4341,8149,1336,1635,2042,1904,2121,3697,1308,1645,1808,1774,2220,4452,12929
20234,11200535,왕십리도선동,26181,12283,13898,3603,4013,4411,3895,4311,5948,1870,1726,1993,1935,2031,2728,1733,2287,2418,1960,2280,3220,12111
20234,11560515,영등포본동,20784,10610,10174,2250,2779,3244,2796,3528,6187,1146,1447,1720,1487,1811,2999,1104,1332,1524,1309,1717,3188,10407
20234,11290575,동선동,14977,6196,8781,1236,4651,2419,1762,1909,3000,530,1380,1182,862,929,1313,706,3271,1237,900,980,1687,9625
20234,11560605,문래동,32022,15577,16445,5830,3503,5493,5961,4494,6741,3011,1666,2607,2973,2241,3079,2819,1837,2886,2988,2253,3662,13095
20234,11500620,공항동,29436,14868,14568,5076,3657,4857,5192,4101,6553,2565,1882,2527,2788,2080,3026,2511,1775,2330,2404,2021,3527,13691
20234,11500510,염창동,41250,19807,21443,7769,5314,7231,7299,6159,7478,3977,2438,3285,3558,3052,3497,3792,2876,3946,3741,3107,3981,16592
20234,11560630,신길1동,19314,9780,9534,1597,3601,3596,2448,2904,5168,795,1732,2004,1361,1525,2363,802,1869,1592,1087,1379,2805,11605
20234,11380640,증산동,18240,8840,9400,2403,2357,2626,2570,3089,5195,1238,1129,1287,1288,1522,2376,1165,1228,1339,1282,1567,2819,7933
20234,11530740,개봉1동,33122,16420,16702,4134,3960,5015,4572,5483,9958,2116,2009,2567,2341,2714,4673,2018,1951,2448,2231,2769,5285,14958
20234,11545620,독산2동,17737,8915,8822,1694,2337,2512,2178,3358,5658,895,1171,1380,1144,1658,2667,799,1166,1132,1034,1700,2991,9282
20234,11350630,상계1동,36834,17688,19146,4724,4544,4401,5069,6715,11381,2412,2270,2211,2455,3143,5197,2312,2274,2190,2614,3572,6184,15534
20234,11500570,화곡4동,19720,9668,10052,2041,2499,2933,3042,3276,5929,1090,1274,1541,1580,1568,2615,951,1225,1392,1462,1708,3314,9641
20234,11200690,성수2가3동,10021,4999,5022,940,1628,1835,1322,1581,2715,499,769,880,688,811,1352,441,859,955,634,770,1363,5211
20234,11170700,보광동,11134,5572,5562,801,1494,1758,1493,2011,3577,465,846,1015,771,992,1483,336,648,743,722,1019,2094,6270
20234,11170690,서빙고동,12443,5999,6444,2037,1557,1436,2157,2147,3109,1026,794,705,1045,1016,1413,1011,763,731,1112,1131,1696,5097
20234,11170625,한강로동,20977,9895,11082,2206,3206,4813,2844,3197,4711,1136,1360,2240,1369,1507,2283,1070,1846,2573,1475,1690,2428,11229
20234,11230705,청량리동,18688,9202,9486,1546,2215,2135,2155,3063,7574,790,1110,1148,1138,1553,3463,756,1105,987,1017,1510,4111,10043
20234,11170580,효창동,10665,5044,5621,1426,1614,1969,1591,1728,2337,728,741,958,778,798,1041,698,873,1011,813,930,1296,4718
20234,11710580,송파1동,23353,10821,12532,2098,4019,5392,3349,3167,5328,1026,1767,2648,1564,1387,2429,1072,2252,2744,1785,1780,2899,12486
20234,11470510,목1동,30276,14544,15732,7467,2982,2754,6476,5153,5444,3731,1465,1184,2933,2662,2569,3736,1517,1570,3543,2491,2875,10349
20234,11470680,신정7동,28275,13546,14729,4859,2968,2931,4625,4979,7913,2510,1529,1444,2189,2445,3429,2349,1439,1487,2436,2534,4484,11507
20234,11620715,난향동,14726,7199,7527,2213,1623,1548,2518,2694,4130,1114,843,759,1245,1391,1847,1099,780,789,1273,1303,2283,6175
20234,11560560,당산2동,36667,17117,19550,4697,6732,8189,5239,4671,7139,2397,2651,3855,2603,2248,3363,2300,4081,4334,2636,2423,3776,18864
20234,11140540,회현동,4380,2304,2076,365,418,528,531,793,1745,186,209,260,285,427,937,179,209,268,246,366,808,2491
20234,11500640,방화2동,22596,11171,11425,2247,3015,3725,3014,3425,7170,1196,1443,1977,1576,1789,3190,1051,1572,1748,1438,1636,3980,12052
20234,11440600,대흥동,14719,7124,7595,1471,3656,2555,2017,2108,2912,764,1618,1311,1011,1077,1343,707,2038,1244,1006,1031,1569,8823
20234,11410620,홍제1동,24704,11553,13151,3208,3100,3607,3586,4205,6998,1566,1502,1708,1740,1984,3053,1642,1598,1899,1846,2221,3945,11038
20234,11545610,독산1동,45720,23242,22478,5294,7802,10015,6606,6356,9647,2682,3606,5435,3661,3232,4626,2612,4196,4580,2945,3124,5021,24569
20234,11110560,평창동,17366,8092,9274,2533,1997,2057,2484,3156,5139,1281,993,972,1124,1415,2307,1252,1004,1085,1360,1741,2832,7124
20234,11230750,이문2동,19385,9319,10066,2578,2642,2322,2758,3345,5740,1331,1188,1157,1404,1648,2591,1247,1454,1165,1354,1697,3149,8656
20234,11710540,마천1동,17982,9215,8767,2021,1988,1982,2356,3374,6261,1062,1028,1095,1248,1782,3000,959,960,887,1108,1592,3261,8567
20234,11380590,응암2동,27329,13188,14141,5321,2477,4191,5549,3913,5878,2764,1222,1924,2764,1945,2569,2557,1255,2267,2785,1968,3309,11014
20234,11500535,등촌3동,29390,13848,15542,3050,3235,4582,3612,4479,10432,1562,1614,2308,1779,2022,4563,1488,1621,2274,1833,2457,5869,15092
20234,11140625,다산동,13221,6412,6809,1114,2079,2167,1719,2138,4004,600,986,1118,888,1047,1773,514,1093,1049,831,1091,2231,6767
20234,11470640,신정3동,49523,23946,25577,8452,6003,5992,7797,8974,12305,4327,3061,2973,3729,4325,5531,4125,2942,3019,4068,4649,6774,19703
20234,11200570,행당2동,22851,10656,12195,3436,2579,3426,3583,3971,5856,1612,1198,1631,1718,1915,2582,1824,1381,1795,1865,2056,3274,9226
20234,11530520,구로1동,20519,10005,10514,3469,2418,3563,3529,3000,4540,1796,1149,1785,1744,1449,2082,1673,1269,1778,1785,1551,2458,8356
20234,11590540,상도2동,27084,12936,14148,4095,3942,4326,4416,4034,6271,2124,1819,2060,2193,1933,2807,1971,2123,2266,2223,2101,3464,12299
20234,11710720,잠실7동,9419,4382,5037,1435,1103,943,1245,1640,3053,655,540,418,546,766,1457,780,563,525,699,874,1596,3365
20234,11650621,방배4동,22754,10319,12435,3880,2825,3126,4033,3755,5135,1781,1248,1407,1758,1803,2322,2099,1577,1719,2275,1952,2813,9556
20234,11290590,돈암2동,23417,11070,12347,4248,2683,2749,3857,4362,5518,2135,1337,1297,1772,2082,2447,2113,1346,1452,2085,2280,3071,8521
20234,11170630,이촌1동,24933,11719,13214,4809,2548,2939,4157,4378,6102,2482,1260,1288,1898,2066,2725,2327,1288,1651,2259,2312,3377,9125
20234,11740690,둔촌1동,16,10,6,2,0,1,5,1,7,2,0,1,2,0,5,0,0,0,3,1,2,11
20234,11320515,창5동,23884,11392,12492,2882,3199,3393,3183,4238,6989,1480,1555,1690,1530,1944,3193,1402,1644,1703,1653,2294,3796,10262
20234,11500605,가양3동,14189,6504,7685,1059,1248,2945,1794,1889,5254,537,564,1429,938,914,2122,522,684,1516,856,975,3132,7735
20234,11650550,반포본동,117,49,68,17,21,6,22,21,30,7,8,3,8,9,14,10,13,3,14,12,16,44
20234,11305635,수유3동,22988,11301,11687,1593,4229,3326,2913,3923,7004,802,1938,1813,1586,1992,3170,791,2291,1513,1327,1931,3834,13528
20234,11230570,전농2동,17954,8555,9399,2542,2005,2090,2664,3152,5501,1275,968,1069,1309,1513,2421,1267,1037,1021,1355,1639,3080,7541
20234,11410660,홍은1동,22158,10677,11481,2755,2645,2973,3146,3932,6707,1378,1319,1494,1595,1908,2983,1377,1326,1479,1551,2024,3724,9694
20234,11590660,대방동,35620,16775,18845,5172,6087,4944,5581,5718,8118,2530,2762,2441,2637,2851,3554,2642,3325,2503,2944,2867,4564,16664
20234,11590630,사당2동,27151,13012,14139,3253,3366,4288,3936,4344,7964,1763,1625,2088,1945,2078,3513,1490,1741,2200,1991,2266,4451,12176
20234,11260575,면목3?8동,24375,12017,12358,2142,3312,3569,3169,4356,7827,1079,1649,1881,1701,2150,3557,1063,1663,1688,1468,2206,4270,12782
20234,11440710,연남동,14202,6690,7512,1131,2880,2925,2106,1935,3225,567,1312,1448,1055,911,1397,564,1568,1477,1051,1024,1828,8339
20234,11590605,흑석동,29907,14490,15417,4507,4506,4057,4648,4932,7257,2291,2283,1959,2335,2359,3263,2216,2223,2098,2313,2573,3994,12930
20234,11620685,신사동,21969,11050,10919,1437,5696,4113,2543,2980,5200,774,2700,2341,1343,1481,2411,663,2996,1772,1200,1499,2789,14144
20234,11260630,묵2동,18004,8791,9213,1811,2385,2649,2549,3090,5520,933,1160,1356,1307,1520,2515,878,1225,1293,1242,1570,3005,9142
20234,11230650,장안1동,37191,18358,18833,4598,4828,5838,6095,5762,10070,2356,2242,3033,3148,2889,4690,2242,2586,2805,2947,2873,5380,18136
20234,11620745,삼성동,19970,9928,10042,1726,2177,2180,2482,3630,7775,935,1117,1241,1325,1836,3474,791,1060,939,1157,1794,4301,9681
20234,11410585,신촌동,20135,8693,11442,1336,8441,3650,1859,1895,2954,638,3121,1798,896,924,1316,698,5320,1852,963,971,1638,14750
20234,11710647,위례동,44857,21874,22983,12586,4244,6785,9367,5881,5994,6484,2092,3079,4600,2926,2693,6102,2152,3706,4767,2955,3301,14702
20234,11260570,면목7동,21190,10543,10647,2094,2678,3284,2861,3592,6681,1118,1293,1667,1548,1812,3105,976,1385,1617,1313,1780,3576,10540
20234,11320521,도봉1동,20030,9993,10037,1627,2142,2046,2499,3524,8192,827,1105,1098,1372,1771,3820,800,1037,948,1127,1753,4372,10228
20234,11320710,방학3동,26077,12624,13453,4026,2742,2845,3723,4468,8273,2182,1483,1465,1778,2040,3676,1844,1259,1380,1945,2428,4597,9923
20234,11200540,마장동,21556,10610,10946,2385,4066,3159,2625,3419,5902,1203,2027,1646,1335,1661,2738,1182,2039,1513,1290,1758,3164,10844
20234,11200550,사근동,11936,6247,5689,987,4917,1611,1041,1286,2094,475,2713,929,553,622,955,512,2204,682,488,664,1139,8185
20234,11350560,월계1동,20526,10528,9998,2380,3591,2369,2836,3322,6028,1259,2094,1290,1441,1677,2767,1121,1497,1079,1395,1645,3261,9969
20234,11560610,양평1동,18114,8709,9405,2154,2938,4516,2950,2150,3406,1110,1174,2251,1539,1131,1504,1044,1764,2265,1411,1019,1902,9893
20234,11560650,신길3동,15950,7852,8098,2044,1875,2360,2308,2655,4708,1033,936,1204,1220,1335,2124,1011,939,1156,1088,1320,2584,7486
20234,11680630,대치4동,18614,8869,9745,2804,2971,3067,3410,3345,3017,1529,1449,1455,1450,1639,1347,1275,1522,1612,1960,1706,1670,9730
20234,11215850,구의1동,21448,10252,11196,1689,4498,4386,2917,3119,4839,839,2008,2240,1493,1505,2167,850,2490,2146,1424,1614,2672,12519
20234,11545710,시흥5동,18167,9067,9100,1876,2073,2144,2296,3311,6467,956,1075,1184,1215,1710,2927,920,998,960,1081,1601,3540,9143
20234,11440690,망원1동,19151,8899,10252,1831,3093,3611,2937,2888,4791,909,1404,1717,1425,1403,2041,922,1689,1894,1512,1485,2750,10174
20234,11350595,공릉1동,35959,17381,18578,3930,6593,4943,4951,5445,10097,2028,3169,2510,2495,2673,4506,1902,3424,2433,2456,2772,5591,18517
20234,11500641,방화3동,21991,10634,11357,2422,1964,3367,3227,3271,7740,1255,1011,1720,1638,1625,3385,1167,953,1647,1589,1646,4355,11216
20234,11500530,등촌2동,19312,9398,9914,2375,2697,3298,2778,2997,5167,1313,1328,1653,1373,1366,2365,1062,1369,1645,1405,1631,2802,8505
20234,11110600,가회동,3849,1787,2062,459,406,499,633,687,1165,247,188,228,295,331,498,212,218,271,338,356,667,1903
20234,11140645,청구동,12955,6117,6838,1365,1575,2127,1648,2147,4093,687,761,1047,815,1015,1792,678,814,1080,833,1132,2301,6139
20234,11680700,세곡동,45513,21325,24188,8706,5330,7034,8065,6259,10119,4379,2341,3273,3883,3042,4407,4327,2989,3761,4182,3217,5712,19381
20234,11110700,숭인1동,5768,2797,2971,531,721,792,805,1099,1820,267,341,404,420,557,808,264,380,388,385,542,1012,2990
20234,11110550,부암동,9034,4284,4750,1191,1096,1158,1374,1626,2589,629,563,566,611,752,1163,562,533,592,763,874,1426,4096
20234,11110680,창신2동,7511,3880,3631,498,954,881,818,1665,2695,263,498,514,454,861,1290,235,456,367,364,804,1405,3983
20234,11545700,시흥4동,19366,9586,9780,2035,2302,2358,2452,3576,6643,1027,1187,1258,1243,1712,3159,1008,1115,1100,1209,1864,3484,9011
20234,11740515,강일동,44257,21047,23210,8773,4901,5797,7171,6561,11054,4522,2397,2690,3476,3173,4789,4251,2504,3107,3695,3388,6265,17658
20234,11215840,자양3동,27193,12991,14202,4362,3434,3864,4233,4540,6760,2185,1714,1809,1976,2183,3124,2177,1720,2055,2257,2357,3636,10951
20234,11530720,고척1동,26314,13106,13208,3502,3309,5100,3600,4025,6778,1809,1668,2610,1872,1970,3177,1693,1641,2490,1728,2055,3601,11516
20234,11200790,용답동,11809,6118,5691,818,2551,1989,1397,1892,3162,423,1141,1057,793,1122,1582,395,1410,932,604,770,1580,7515
20234,11500603,가양1동,33880,15206,18674,3024,7788,8937,4444,4089,5598,1562,2560,4210,2239,2005,2630,1462,5228,4727,2205,2084,2968,20930
20234,11650581,반포4동,18474,8654,9820,3522,2071,2343,3241,3078,4219,1824,1001,1032,1431,1463,1903,1698,1070,1311,1810,1615,2316,7024
20234,11305603,번2동,14866,7134,7732,1327,1830,1585,1928,2530,5666,704,929,841,1017,1251,2392,623,901,744,911,1279,3274,7425
20234,11140635,약수동,16086,7419,8667,1717,1772,2258,2206,2653,5480,857,847,1092,1072,1215,2336,860,925,1166,1134,1438,3144,7737
20234,11620545,청림동,14726,7103,7623,2130,1620,2373,2293,2285,4025,1097,803,1211,1152,1111,1729,1033,817,1162,1141,1174,2296,6408
20234,11680565,청담동,24535,11449,13086,3849,3131,3696,4401,3973,5485,2074,1435,1595,1986,1847,2512,1775,1696,2101,2415,2126,2973,10790
20234,11740530,명일1동,25279,12363,12916,4369,2720,3749,4145,3901,6395,2302,1410,1845,1996,1890,2920,2067,1310,1904,2149,2011,3475,10027
20234,11710690,잠실4동,21192,10213,10979,4930,1852,2399,4442,3132,4437,2566,916,1000,2108,1542,2081,2364,936,1399,2334,1590,2356,7231
20234,11350710,상계9동,19664,9212,10452,2759,2386,2669,2975,3517,5358,1424,1221,1335,1386,1595,2251,1335,1165,1334,1589,1922,3107,8358
20234,11305608,번3동,16356,7614,8742,1795,1693,1605,2139,2765,6359,903,865,821,1065,1370,2590,892,828,784,1074,1395,3769,7665
20234,11530540,구로3동,23287,12033,11254,2277,4387,4623,3707,3168,5125,1182,2176,2624,2014,1717,2320,1095,2211,1999,1693,1451,2805,13633
20234,11710590,송파2동,18476,8909,9567,2965,2336,2638,2935,2929,4673,1502,1110,1255,1444,1390,2208,1463,1226,1383,1491,1539,2465,7095
20234,11590550,상도3동,23844,11339,12505,2273,4063,3842,3224,3734,6708,1181,1858,1972,1603,1787,2938,1092,2205,1870,1621,1947,3770,12158
20234,11710610,삼전동,29062,13547,15515,2820,4764,6320,4660,4135,6363,1461,2110,3017,2246,1947,2766,1359,2654,3303,2414,2188,3597,16117
20234,11710532,거여2동,23596,11502,12094,3534,2477,3477,3649,3992,6467,1819,1260,1742,1833,1933,2915,1715,1217,1735,1816,2059,3552,10093
20234,11290810,석관동,33768,16684,17084,3630,4580,4600,4597,5650,10711,1912,2202,2398,2389,2833,4950,1718,2378,2202,2208,2817,5761,16597
20234,11290705,종암동,37648,18608,19040,5498,5426,4572,5812,6302,10038,2952,2834,2411,2827,3132,4452,2546,2592,2161,2985,3170,5586,17012
20234,11620655,신원동,17484,8937,8547,1072,4165,3321,2054,2330,4542,516,2106,2018,1100,1213,1984,556,2059,1303,954,1117,2558,11158
20234,11440585,도화동,20443,9697,10746,2696,2579,3498,2876,3292,5502,1398,1207,1717,1414,1534,2427,1298,1372,1781,1462,1758,3075,9219
20234,11260520,면목2동,23580,11697,11883,2277,2917,3417,3211,4445,7313,1165,1417,1781,1707,2245,3382,1112,1500,1636,1504,2200,3931,12221
20234,11590560,상도4동,27609,13396,14213,2921,4191,4518,3888,4345,7746,1541,2011,2349,2004,2068,3423,1380,2180,2169,1884,2277,4323,14048
20234,11590640,사당3동,23686,11429,12257,3299,2990,3605,3634,3482,6676,1684,1400,1713,1846,1680,3106,1615,1590,1892,1788,1802,3570,10442
20234,11620595,청룡동,35627,17102,18525,2496,11517,7376,3799,3839,6600,1205,5126,3882,1956,1952,2981,1291,6391,3494,1843,1887,3619,24083
20234,11290660,길음1동,34792,16426,18366,7906,3417,3683,7214,5810,6762,3941,1638,1646,3327,3045,2829,3965,1779,2037,3887,2765,3933,12458
20234,11290525,성북동,15875,7372,8503,1672,2533,2486,2202,2730,4252,852,1127,1210,1036,1273,1874,820,1406,1276,1166,1457,2378,8108
20234,11440720,성산1동,18543,8632,9911,1968,3017,3275,2964,2958,4361,931,1402,1584,1404,1444,1867,1037,1615,1691,1560,1514,2494,9475
20234,11290555,삼선동,22125,10481,11644,2473,4178,3060,2974,3789,5651,1264,1869,1503,1462,1907,2476,1209,2309,1557,1512,1882,3175,11391
20234,11620775,난곡동,25257,12654,12603,2430,3557,3407,3357,4375,8131,1236,1795,1868,1836,2178,3741,1194,1762,1539,1521,2197,4390,12782
20234,11260610,중화2동,23768,12182,11586,1842,3254,3585,3023,4241,7823,1006,1588,1903,1657,2228,3800,836,1666,1682,1366,2013,4023,13441
20234,11215750,중곡2동,20512,9636,10876,2069,3304,3661,2825,3343,5310,1053,1474,1777,1388,1528,2416,1016,1830,1884,1437,1815,2894,10569
20234,11290620,정릉1동,17732,8501,9231,2848,2228,2325,2923,2859,4549,1470,1082,1135,1429,1389,1996,1378,1146,1190,1494,1470,2553,7342
20234,11530790,수궁동,22707,11115,11592,2938,2615,2913,3392,3789,7060,1550,1379,1474,1705,1794,3213,1388,1236,1439,1687,1995,3847,9939
20234,11560700,대림1동,13711,6805,6906,1441,1798,1785,1826,2344,4517,792,898,972,983,1124,2036,649,900,813,843,1220,2481,6855
20234,11470560,신월1동,19365,9957,9408,1836,2238,2462,2677,3485,6667,951,1132,1379,1480,1803,3212,885,1106,1083,1197,1682,3455,10008
20234,11470540,목4동,24428,11899,12529,3976,3730,2695,3867,4890,5270,2049,1953,1381,1723,2424,2369,1927,1777,1314,2144,2466,2901,9964
20234,11500590,화곡본동,32956,15959,16997,3601,5536,6108,5100,4798,7813,1889,2518,3225,2627,2316,3384,1712,3018,2883,2473,2482,4429,17412
20234,11530595,가리봉동,8713,4797,3916,403,1587,1426,892,1567,2838,222,812,907,517,913,1426,181,775,519,375,654,1412,5988
20234,11320690,방학1동,27745,13722,14023,3234,3491,3050,3788,5097,9085,1657,1718,1592,1916,2548,4291,1577,1773,1458,1872,2549,4794,12911
20234,11530510,신도림동,35977,17321,18656,6560,4183,5844,6488,5387,7515,3327,1918,2724,3130,2651,3571,3233,2265,3120,3358,2736,3944,14249
20234,11215740,중곡1동,15218,7204,8014,1230,2805,3048,1945,2312,3878,632,1127,1502,1038,1125,1780,598,1678,1546,907,1187,2098,8644
20234,11170510,후암동,16020,7744,8276,1795,2223,2747,2311,2626,4318,946,1085,1439,1120,1287,1867,849,1138,1308,1191,1339,2451,8265
20234,11215847,자양4동,19815,9797,10018,1688,3243,3332,2560,3149,5843,842,1547,1748,1331,1625,2704,846,1696,1584,1229,1524,3139,10929
20234,11590651,사당5동,14118,6733,7385,1744,1987,2508,2161,2141,3577,892,903,1242,1096,1027,1573,852,1084,1266,1065,1114,2004,6685
20234,11740640,성내1동,19392,9277,10115,2902,2484,2971,3248,2960,4827,1500,1192,1407,1575,1406,2197,1402,1292,1564,1673,1554,2630,8213
20234,11680545,압구정동,26119,12090,14029,4614,2812,2812,4414,4347,7120,2227,1332,1202,2000,2108,3221,2387,1480,1610,2414,2239,3899,10177
20234,11560670,신길5동,9947,4806,5141,1381,1074,1328,1490,1623,3051,691,523,669,771,795,1357,690,551,659,719,828,1694,4562
20234,11140615,신당동,7385,3600,3785,462,1299,1301,966,1192,2165,208,548,652,511,647,1034,254,751,649,455,545,1131,4680
20234,11170650,이태원1동,6015,3013,3002,440,862,1139,785,893,1896,220,475,651,411,416,840,220,387,488,374,477,1056,3435
20234,11200660,성수1가2동,11932,5820,6112,1337,1762,2314,1721,1844,2954,684,847,1142,830,931,1386,653,915,1172,891,913,1568,5899
20234,11710570,오금동,37341,18034,19307,5202,4669,5043,5341,6555,10531,2719,2407,2481,2576,3006,4845,2483,2262,2562,2765,3549,5686,15582
20234,11530760,개봉3동,19544,9486,10058,2153,2163,2439,2872,3410,6507,1071,1131,1284,1464,1636,2900,1082,1032,1155,1408,1774,3607,8664
20234,11530780,오류2동,37281,17771,19510,6048,4179,4524,5966,5977,10587,3079,2074,2193,2931,2847,4647,2969,2105,2331,3035,3130,5940,15714
20234,11680590,삼성2동,30579,14671,15908,5521,3838,4647,6146,5012,5415,3013,1795,2086,2747,2550,2480,2508,2043,2561,3399,2462,2935,13824
20234,11410655,홍제2동,13186,6166,7020,1523,1559,1871,1680,2414,4139,786,740,927,801,1119,1793,737,819,944,879,1295,2346,5752
20234,11710641,문정1동,19502,9647,9855,2438,2819,3305,2734,3098,5108,1269,1413,1696,1389,1433,2447,1169,1406,1609,1345,1665,2661,8497
20234,11440660,서교동,24037,10999,13038,1635,5914,5368,3403,3103,4614,801,2535,2555,1610,1482,2016,834,3379,2813,1793,1621,2598,15244
20234,11200720,송정동,9719,5095,4624,857,1443,1547,1314,1704,2854,465,712,854,731,911,1422,392,731,693,583,793,1432,5365
20234,11230600,답십리1동,27834,13376,14458,4184,3822,4851,4651,4043,6283,2126,1689,2278,2374,2005,2904,2058,2133,2573,2277,2038,3379,12866
20234,11200645,옥수동,25399,11775,13624,3895,2444,4547,4429,3813,6271,1930,1143,2043,2163,1787,2709,1965,1301,2504,2266,2026,3562,10753
20234,11650660,내곡동,17000,8222,8778,2978,1636,2294,2922,2424,4746,1530,839,1070,1447,1169,2167,1448,797,1224,1475,1255,2579,7047
20234,11530750,개봉2동,29724,14398,15326,3680,3251,3930,4387,4747,9729,1864,1598,1963,2241,2295,4437,1816,1653,1967,2146,2452,5292,12314
20234,11230660,장안2동,32376,16042,16334,5322,3614,4637,5737,5003,8063,2817,1806,2321,2898,2502,3698,2505,1808,2316,2839,2501,4365,14170
20234,11650540,잠원동,26800,12898,13902,5125,3295,3328,4910,4879,5263,2649,1648,1503,2236,2437,2425,2476,1647,1825,2674,2442,2838,10729
20234,11380632,신사2동,18907,9370,9537,2190,2440,2592,2704,3220,5761,1191,1269,1334,1379,1573,2624,999,1171,1258,1325,1647,3137,8700
20234,11710566,오륜동,17799,8725,9074,3619,1925,1601,3036,3015,4603,1962,1032,698,1341,1469,2223,1657,893,903,1695,1546,2380,5896
20234,11350700,상계8동,21848,10388,11460,3644,2362,4739,3591,3102,4410,1839,1172,2348,1737,1452,1840,1805,1190,2391,1854,1650,2570,9129
20234,11320522,도봉2동,25990,12683,13307,2824,2705,3335,3398,4204,9524,1447,1384,1689,1779,2024,4360,1377,1321,1646,1619,2180,5164,11766
20234,11350720,상계10동,18184,8356,9828,2697,2279,2871,2783,3188,4366,1366,1065,1371,1291,1420,1843,1331,1214,1500,1492,1768,2523,7648
20234,11305555,송천동,24748,12287,12461,2087,2986,2909,3147,4586,9033,1058,1508,1572,1654,2327,4168,1029,1478,1337,1493,2259,4865,13030
20234,11410640,홍제3동,17665,8453,9212,2103,2224,2424,2312,3090,5512,1077,1108,1198,1173,1508,2389,1026,1116,1226,1139,1582,3123,7996
20234,11620735,대학동,24237,14808,9429,1459,6378,5009,3401,3295,4695,752,3815,3441,2293,2154,2353,707,2563,1568,1108,1141,2342,17409
20234,11710550,마천2동,17575,8982,8593,1634,2032,1978,2304,3268,6359,835,1135,1114,1238,1651,3009,799,897,864,1066,1617,3350,8507
20234,11710600,석촌동,30682,14536,16146,2809,5023,6745,4605,4370,7130,1419,2187,3287,2285,2098,3260,1390,2836,3458,2320,2272,3870,16996
20234,11650600,방배1동,16479,7678,8801,2228,2161,2666,2736,2463,4225,1150,1028,1218,1238,1139,1905,1078,1133,1448,1498,1324,2320,7461
20234,11620645,서원동,22908,12012,10896,1251,6434,5015,2651,2699,4858,661,3288,3009,1511,1321,2222,590,3146,2006,1140,1378,2636,15098
20234,11620665,서림동,23319,12975,10344,1537,5561,4791,3106,2996,5328,783,3141,3018,1882,1636,2515,754,2420,1773,1224,1360,2813,15153
20234,11260600,중화1동,18698,9211,9487,2064,2332,2956,2591,3007,5748,1042,1146,1536,1390,1439,2658,1022,1186,1420,1201,1568,3090,8901
20234,11680640,역삼1동,34082,16650,17432,2143,6658,9612,6069,4191,5409,1080,2810,4834,3106,2237,2583,1063,3848,4778,2963,1954,2826,23535
20234,11260655,망우본동,36438,17968,18470,4656,4442,6133,5059,5632,10516,2315,2037,3128,2666,2835,4987,2341,2405,3005,2393,2797,5529,18113
20234,11380520,불광1동,37509,17625,19884,4225,4651,5222,5340,6443,11628,2198,2193,2571,2609,3033,5021,2027,2458,2651,2731,3410,6607,17726
20234,11710561,방이1동,15091,7264,7827,2333,2083,2125,2358,2580,3612,1158,1043,1064,1096,1206,1697,1175,1040,1061,1262,1374,1915,6092
20234,11470600,신월5동,13979,6915,7064,1821,1815,1906,2083,2344,4010,958,900,1031,1043,1134,1849,863,915,875,1040,1210,2161,6352
20234,11560710,대림2동,11730,5740,5990,829,1815,1841,1392,1933,3920,414,895,987,743,979,1722,415,920,854,649,954,2198,6886
20234,11680690,개포4동,23151,11149,12002,3687,2869,3580,3762,3942,5311,1824,1445,1725,1797,1880,2478,1863,1424,1855,1965,2062,2833,10010
20234,11215770,중곡4동,27499,13389,14110,2662,3932,4025,3552,5090,8238,1386,1967,2097,1782,2372,3785,1276,1965,1928,1770,2718,4453,13022
20234,11500540,화곡1동,50743,24632,26111,4171,8918,10251,7286,7176,12941,2107,3937,5501,3794,3489,5804,2064,4981,4750,3492,3687,7137,28118
20234,11110515,청운효자동,11328,5174,6154,1676,1401,1510,1884,1911,2946,865,685,676,823,867,1258,811,716,834,1061,1044,1688,5040
20234,11110690,창신3동,6338,3119,3219,706,826,903,799,1177,1927,366,430,457,403,570,893,340,396,446,396,607,1034,2767
20234,11560540,여의동,33346,15644,17702,5267,3636,4891,5320,5307,8925,2653,1669,2225,2487,2546,4064,2614,1967,2666,2833,2761,4861,13895
20234,11530530,구로2동,22380,11215,11165,1783,2819,2668,2758,4223,8129,906,1417,1492,1479,2190,3731,877,1402,1176,1279,2033,4398,12099
20234,11680521,논현1동,20996,9908,11088,1371,3852,5204,3624,2772,4173,675,1714,2576,1695,1366,1882,696,2138,2628,1929,1406,2291,13524
20234,11680730,일원1동,14550,7048,7502,1576,1946,2115,2008,2140,4765,858,954,1080,1058,1028,2070,718,992,1035,950,1112,2695,7432
20234,11500630,방화1동,41828,20397,21431,7374,4497,5808,7134,6376,10639,3681,2218,2826,3561,3204,4907,3693,2279,2982,3573,3172,5732,17118
20234,11200615,금호2?3가동,21946,10443,11503,2829,2463,3779,3570,3530,5775,1450,1223,1831,1765,1676,2498,1379,1240,1948,1805,1854,3277,9888
20234,11140550,명동,2392,988,1404,162,233,286,339,437,935,83,102,141,139,187,336,79,131,145,200,250,599,1191
20234,11470590,신월4동,17445,8478,8967,2650,1940,2047,2818,2796,5194,1353,1035,1017,1420,1316,2337,1297,905,1030,1398,1480,2857,6839
20234,11230545,제기동,22962,11776,11186,1961,4356,2975,2601,3464,7605,1013,2305,1676,1434,1851,3497,948,2051,1299,1167,1613,4108,12981
20234,11380551,갈현1동,14470,7022,7448,1417,2099,2044,1968,2507,4435,780,1002,1088,993,1198,1961,637,1097,956,975,1309,2474,7340
20234,11260550,면목5동,14564,7254,7310,2166,1503,2461,2370,2359,3705,1092,770,1239,1261,1172,1720,1074,733,1222,1109,1187,1985,6400
20234,11620725,조원동,19598,9785,9813,1498,4367,4401,2410,2461,4461,760,1921,2348,1302,1299,2155,738,2446,2053,1108,1162,2306,12203
20234,11500611,발산1동,35643,16815,18828,7192,4277,3772,6448,6052,7902,3577,2108,1789,3013,2922,3406,3615,2169,1983,3435,3130,4496,13557
20234,11140590,광희동,5676,2808,2868,307,1154,1222,673,758,1562,159,454,650,345,416,784,148,700,572,328,342,778,3859
20234,11290600,안암동,14869,7492,7377,1094,5477,2031,1398,1902,2967,576,2817,1147,710,931,1311,518,2660,884,688,971,1656,9778
20234,11320670,쌍문2동,17905,8522,9383,1919,2161,2304,2455,3145,5921,1019,1072,1206,1250,1458,2517,900,1089,1098,1205,1687,3404,8451
20234,11170640,이촌2동,7870,3699,4171,869,833,1272,1131,1294,2471,425,418,640,551,626,1039,444,415,632,580,668,1432,3591
20234,11470610,신월6동,13867,6764,7103,2649,1421,2209,2369,2064,3155,1333,712,1050,1222,997,1450,1316,709,1159,1147,1067,1705,5367
20234,11710642,문정2동,28782,13195,15587,2904,4676,7307,4456,3472,5967,1440,1801,3302,2126,1668,2858,1464,2875,4005,2330,1804,3109,15844
20234,11350580,월계3동,28721,13754,14967,3604,3167,4255,4140,4550,9005,1901,1564,2158,2094,2172,3865,1703,1603,2097,2046,2378,5140,12872
20234,11500604,가양2동,13460,6313,7147,815,1307,2213,1362,1635,6128,434,570,1093,677,784,2755,381,737,1120,685,851,3373,8004
20234,11710680,잠실3동,33805,15960,17845,6578,3530,3519,6057,5459,8662,3272,1716,1492,2781,2674,4025,3306,1814,2027,3276,2785,4637,11814
20234,11410710,북가좌1동,17563,8389,9174,3067,1862,2117,2988,3001,4528,1608,899,980,1408,1495,1999,1459,963,1137,1580,1506,2529,6782
20234,11290770,장위2동,13080,6397,6683,1253,1748,1781,1629,2262,4407,650,854,919,876,1143,1955,603,894,862,753,1119,2452,6575
20234,11230536,용신동,38362,18958,19404,3880,6996,7010,5542,5577,9357,1971,3141,3504,2942,2924,4476,1909,3855,3506,2600,2653,4881,21655
20234,11650530,서초3동,31862,15138,16724,4233,5226,5306,4770,5156,7171,2285,2321,2452,2166,2550,3364,1948,2905,2854,2604,2606,3807,15194
20234,11740610,천호2동,32694,15924,16770,3070,4613,6011,4701,5084,9215,1569,2099,3053,2408,2498,4297,1501,2514,2958,2293,2586,4918,17419
20234,11380510,녹번동,36092,16943,19149,4214,4495,5670,5379,5807,10527,2055,2091,2752,2745,2767,4533,2159,2404,2918,2634,3040,5994,17617
20234,11260660,망우3동,15615,7869,7746,1418,1977,1954,1959,3002,5305,686,992,1066,1044,1503,2578,732,985,888,915,1499,2727,8150
20234,11440630,신수동,22046,10753,11293,3231,3303,3353,3486,3769,4904,1676,1715,1632,1655,1871,2204,1555,1588,1721,1831,1898,2700,9989
20234,11290715,월곡1동,25580,12324,13256,4029,2818,3214,4144,4342,7033,2015,1322,1595,2052,2170,3170,2014,1496,1619,2092,2172,3863,10775
20234,11590680,신대방2동,22684,10857,11827,3307,3677,3873,3490,3231,5106,1680,1686,1885,1710,1580,2316,1627,1991,1988,1780,1651,2790,10901
20234,11290780,장위3동,15519,7611,7908,2784,1948,2233,2635,2529,3390,1405,947,1076,1350,1245,1588,1379,1001,1157,1285,1284,1802,6445
20234,11380690,진관동,54368,25288,29080,10415,6706,6109,9196,9113,12829,5374,2925,2553,4158,4500,5778,5041,3781,3556,5038,4613,7051,21360
20234,11380625,역촌동,43767,20483,23284,4868,5864,5966,6675,7550,12844,2439,2804,2897,3284,3534,5525,2429,3060,3069,3391,4016,7319,20617
20234,11740620,천호3동,25969,12529,13440,2197,4210,5030,3486,3867,7179,1133,1782,2441,1810,1966,3397,1064,2428,2589,1676,1901,3782,14368
20234,11440700,망원2동,17917,8341,9576,2213,2552,2870,2842,2916,4524,1135,1123,1346,1365,1413,1959,1078,1429,1524,1477,1503,2565,8348
20234,11305595,번1동,17358,8652,8706,1339,2827,2519,2518,2901,5254,672,1323,1359,1386,1510,2402,667,1504,1160,1132,1391,2852,10159
20234,11470530,목3동,21206,10060,11146,2379,3090,3786,2997,3368,5586,1265,1485,1845,1444,1519,2502,1114,1605,1941,1553,1849,3084,10074
20234,11530770,오류1동,22559,10732,11827,2051,4022,4550,2980,3031,5925,1022,1640,2288,1531,1516,2735,1029,2382,2262,1449,1515,3190,12645
20234,11740650,성내2동,23452,11433,12019,1873,3921,4390,3062,3447,6759,986,1657,2269,1606,1749,3166,887,2264,2121,1456,1698,3593,13395
20234,11545630,독산3동,23433,11747,11686,1819,3579,3643,2766,4214,7412,910,1751,2030,1501,2044,3511,909,1828,1613,1265,2170,3901,12776
20234,11170560,원효로1동,16956,7874,9082,2035,2849,4187,2648,2178,3059,1053,1083,1956,1293,1079,1410,982,1766,2231,1355,1099,1649,9246
20234,11530560,구로5동,28952,14052,14900,2914,4871,5547,3904,4379,7337,1488,2093,2812,2039,2188,3432,1426,2778,2735,1865,2191,3905,15519
20234,11500593,화곡8동,23468,11313,12155,2351,3535,3798,3576,3586,6622,1204,1690,2003,1867,1684,2865,1147,1845,1795,1709,1902,3757,11692
20234,11170555,청파동,18842,8750,10092,1460,4040,3339,2305,2991,4707,717,1526,1783,1168,1491,2065,743,2514,1556,1137,1500,2642,11116
20234,11560620,양평2동,22288,10893,11395,2856,3622,5349,3276,3043,4142,1460,1610,2673,1636,1565,1949,1396,2012,2676,1640,1478,2193,10913
20234,11410720,북가좌2동,30673,14859,15814,3326,4272,4121,4325,5190,9439,1717,2125,2161,2184,2476,4196,1609,2147,1960,2141,2714,5243,14579
20234,11545640,독산4동,14511,7266,7245,1272,1921,2009,1717,2876,4716,622,974,1076,906,1443,2245,650,947,933,811,1433,2471,7557
20234,11110640,이화동,6891,3277,3614,487,1496,1219,792,1000,1897,254,686,604,402,490,841,233,810,615,390,510,1056,4206
20234,11110615,종로1?2?3?4가동,6658,4029,2629,369,944,974,835,1117,2419,197,456,574,512,761,1529,172,488,400,323,356,890,4883
20234,11560535,영등포동,29839,15326,14513,1900,7604,8392,3528,3320,5095,952,3066,4449,1993,2021,2845,948,4538,3943,1535,1299,2250,21204
20234,11260690,신내2동,19675,9292,10383,2434,2125,2704,2785,3320,6307,1225,1062,1331,1400,1545,2729,1209,1063,1373,1385,1775,3578,8897
20234,11560680,신길6동,19493,9518,9975,2487,2892,3304,2786,2955,5069,1352,1351,1622,1452,1432,2309,1135,1541,1682,1334,1523,2760,9265
20234,11140665,동화동,9941,4786,5155,1332,1138,1278,1416,1801,2976,687,556,634,690,853,1366,645,582,644,726,948,1610,3987
20234,11410520,천연동,16547,7796,8751,2273,1936,2301,2399,2915,4723,1130,932,1103,1149,1427,2055,1143,1004,1198,1250,1488,2668,7609
20234,11440680,합정동,16310,7512,8798,1356,3011,3574,2448,2205,3716,668,1309,1701,1195,1002,1637,688,1702,1873,1253,1203,2079,9188
20234,11140680,중림동,12142,5940,6202,1646,1368,2109,2066,1828,3125,866,587,958,1102,940,1487,780,781,1151,964,888,1638,5937
20234,11440740,상암동,29662,13937,15725,5608,4228,3533,5087,5046,6160,2865,1834,1629,2369,2534,2706,2743,2394,1904,2718,2512,3454,12700
20234,11740580,암사2동,14825,7158,7667,2123,1760,2621,2306,2266,3749,1094,823,1282,1167,1082,1710,1029,937,1339,1139,1184,2039,6375
20234,11215870,구의3동,27836,13145,14691,3858,4079,4489,4065,4687,6658,1909,1868,2168,1909,2228,3063,1949,2211,2321,2156,2459,3595,12048
20234,11650580,반포3동,23761,11271,12490,5151,2582,2533,4499,4268,4728,2632,1260,1128,1973,2176,2102,2519,1322,1405,2526,2092,2626,8199
20234,11215810,광장동,33964,16438,17526,7792,3846,3310,6841,6054,6121,4000,1911,1494,3076,3054,2903,3792,1935,1816,3765,3000,3218,11851
20234,11680600,대치1동,23878,11957,11921,6872,2275,1337,5333,4121,3940,3792,1172,563,2262,2256,1912,3080,1103,774,3071,1865,2028,7218
20234,11530730,고척2동,25749,12684,13065,3300,3084,3007,3629,4710,8019,1693,1564,1543,1802,2352,3730,1607,1520,1464,1827,2358,4289,11447
20234,11200590,금호1가동,14750,7024,7726,2106,1524,2315,2474,2321,4010,1088,737,1083,1276,1104,1736,1018,787,1232,1198,1217,2274,6503
20234,11410615,연희동,33724,16100,17624,3331,7365,5355,4424,4927,8322,1671,3700,2674,2130,2314,3611,1660,3665,2681,2294,2613,4711,18420
20234,11140570,필동,4012,2085,1927,336,748,697,476,567,1188,176,371,378,257,328,575,160,377,319,219,239,613,2495
20234,11440590,용강동,21098,9951,11147,3985,1997,3386,4218,3157,4355,1980,909,1533,1990,1605,1934,2005,1088,1853,2228,1552,2421,9236
20234,11440555,아현동,28335,13175,15160,4932,3170,5561,4986,4207,5479,2368,1350,2486,2506,2003,2462,2564,1820,3075,2480,2204,3017,11924
20234,11320681,쌍문4동,18061,8536,9525,2733,2180,2113,2651,3212,5172,1440,1107,996,1249,1435,2309,1293,1073,1117,1402,1777,2863,7093
20234,11170530,남영동,6819,4160,2659,353,767,1006,842,1451,2400,194,339,550,513,994,1570,159,428,456,329,457,830,4845
20234,11530800,항동,16335,7906,8429,3938,1379,3015,3308,1830,2865,1988,670,1336,1748,864,1300,1950,709,1679,1560,966,1565,6252
20234,11590650,사당4동,13771,6587,7184,1226,2307,2363,1912,1984,3979,635,1053,1227,986,954,1732,591,1254,1136,926,1030,2247,7233
20234,11110570,무악동,7963,3652,4311,1473,823,813,1301,1434,2119,630,387,379,610,716,930,843,436,434,691,718,1189,3007
20234,11680656,도곡2동,32648,15135,17513,7204,3520,3007,6127,5568,7222,3363,1568,1279,2682,2771,3472,3841,1952,1728,3445,2797,3750,11471
20234,11680750,수서동,14026,6312,7714,1011,1134,1895,1573,1854,6559,494,578,951,798,843,2648,517,556,944,775,1011,3911,7719
20234,11680720,일원본동,22796,11239,11557,5022,2258,2549,4257,3663,5047,2895,1173,1177,1911,1777,2306,2127,1085,1372,2346,1886,2741,7994
20234,11305575,삼각산동,30604,14688,15916,6040,3295,3197,5643,5510,6919,3112,1629,1510,2687,2762,2988,2928,1666,1687,2956,2748,3931,11515
20234,11740540,명일2동,17034,8298,8736,3313,2117,1797,2939,2672,4196,1797,1015,850,1299,1332,2005,1516,1102,947,1640,1340,2191,6424
20233,11110515,청운효자동,13009,6104,6905,1650,1622,1661,2151,2248,3677,867,844,784,955,1046,1608,783,778,877,1196,1202,2069,5352
20233,11110530,사직동,8486,3874,4612,1113,786,1169,1409,1384,2625,577,361,520,604,627,1185,536,425,649,805,757,1440,4758
20233,11110540,삼청동,2597,1223,1374,229,258,281,394,386,1049,120,130,130,193,185,465,109,128,151,201,201,584,1340
20233,11110550,부암동,9744,4724,5020,1001,1267,1225,1322,1772,3157,543,680,643,592,825,1441,458,587,582,730,947,1716,4389
20233,11110560,평창동,17852,8516,9336,2118,2297,2227,2341,3213,5656,1118,1187,1155,1039,1418,2599,1000,1110,1072,1302,1795,3057,7519
20233,11110570,무악동,8491,4000,4491,1252,1071,886,1269,1557,2456,608,488,419,585,783,1117,644,583,467,684,774,1339,3189
20233,11110580,교남동,4425,2085,2340,413,467,580,677,750,1538,204,241,270,338,382,650,209,226,310,339,368,888,4594
20233,11110600,가회동,4350,2016,2334,404,470,553,693,753,1477,203,224,266,322,364,637,201,246,287,371,389,840,2075
20233,11110615,종로1?2?3?4가동,7051,4082,2969,384,574,927,825,1133,3208,212,185,548,492,770,1875,172,389,379,333,363,1333,5274
20233,11110630,종로5?6가동,5316,2910,2406,266,675,790,594,959,2032,124,412,444,352,525,1053,142,263,346,242,434,979,3392
20233,11110640,이화동,8190,3843,4347,648,843,1854,1215,1242,2388,299,384,876,616,604,1064,349,459,978,599,638,1324,4433
20233,11110650,혜화동,16276,8000,8276,1506,2420,3581,2208,2318,4243,757,1126,2051,1062,1139,1865,749,1294,1530,1146,1179,2378,9367
20233,11110670,창신1동,5666,3042,2624,369,535,716,683,1074,2289,187,285,414,351,592,1213,182,250,302,332,482,1076,2960
20233,11110680,창신2동,9581,4892,4689,685,1147,1280,1208,1936,3325,367,590,699,679,1015,1542,318,557,581,529,921,1783,4184
20233,11110690,창신3동,6905,3445,3460,828,790,1029,971,1162,2125,432,435,526,477,571,1004,396,355,503,494,591,1121,2911
20233,11110700,숭인1동,5812,2906,2906,619,603,775,913,1027,1875,321,312,400,477,532,864,298,291,375,436,495,1011,3038
20233,11110710,숭인2동,9149,4605,4544,589,885,1863,1298,1526,2988,310,397,903,688,831,1476,279,488,960,610,695,1512,6160
20233,11140520,소공동,1350,694,656,202,72,220,316,197,343,110,25,114,169,89,187,92,47,106,147,108,156,1130
20233,11140540,회현동,4305,2452,1853,207,250,393,504,683,2268,101,115,206,301,434,1295,106,135,187,203,249,973,3014
20233,11140550,명동,2450,1251,1199,213,167,336,373,402,959,108,78,178,185,219,483,105,89,158,188,183,476,1414
20233,11140570,필동,3851,1963,1888,290,325,680,543,572,1441,145,161,379,291,311,676,145,164,301,252,261,765,2408
20233,11140580,장충동,4951,2525,2426,397,677,1143,704,666,1364,215,303,674,375,328,630,182,374,469,329,338,734,2753
20233,11140590,광희동,4896,2555,2341,318,334,794,651,728,2071,148,164,407,354,416,1066,170,170,387,297,312,1005,3279
20233,11140605,을지로동,1457,902,555,51,75,149,135,252,795,22,38,84,83,173,502,29,37,65,52,79,293,1504
20233,11140615,신당동,7105,3650,3455,540,754,1229,1015,1309,2258,267,389,665,552,688,1089,273,365,564,463,621,1169,4635
20233,11140625,다산동,15434,7528,7906,1383,1704,2630,2409,2540,4768,712,870,1357,1227,1239,2123,671,834,1273,1182,1301,2645,6915
20233,11140635,약수동,18461,8880,9581,2212,1575,2518,3058,2790,6308,1100,828,1233,1539,1386,2794,1112,747,1285,1519,1404,3514,7802
20233,11140645,청구동,15318,7367,7951,1734,1546,2347,2395,2405,4891,893,793,1132,1195,1181,2173,841,753,1215,1200,1224,2718,6400
20233,11140650,신당5동,9927,4942,4985,1104,994,1371,1634,1774,3050,552,525,699,855,943,1368,552,469,672,779,831,1682,5386
20233,11140665,동화동,11648,5670,5978,1522,1304,1598,1818,1976,3430,769,677,788,883,953,1600,753,627,810,935,1023,1830,4170
20233,11140670,황학동,11965,5958,6007,1385,963,2246,2181,1768,3422,698,476,1066,1137,925,1656,687,487,1180,1044,843,1766,6918
20233,11140680,중림동,8328,4194,4134,918,764,1160,1372,1305,2809,475,373,558,722,716,1350,443,391,602,650,589,1459,5647
20233,11170510,후암동,18208,8969,9239,2015,1972,2636,2985,3073,5527,1040,1052,1383,1512,1529,2453,975,920,1253,1473,1544,3074,8724
20233,11170520,용산2가동,10876,5217,5659,893,1039,1745,1729,1648,3822,458,539,883,886,784,1667,435,500,862,843,864,2155,5384
20233,11170530,남영동,6632,4176,2456,322,446,947,936,1284,2697,173,237,521,597,909,1739,149,209,426,339,375,958,5384
20233,11170555,청파동,20375,9946,10429,1731,2582,3918,3102,3294,5748,910,1180,1902,1602,1683,2669,821,1402,2016,1500,1611,3079,11102
20233,11170560,원효로1동,12933,6357,6576,1938,1068,2279,2568,1818,3262,1013,525,1076,1313,917,1513,925,543,1203,1255,901,1749,8035
20233,11170570,원효로2동,14528,6847,7681,2051,1649,1837,2358,2456,4177,931,769,875,1160,1214,1898,1120,880,962,1198,1242,2279,6038
20233,11170580,효창동,9063,4417,4646,1115,1085,1323,1473,1510,2557,592,587,651,730,712,1145,523,498,672,743,798,1412,4373
20233,11170590,용문동,12606,6091,6515,1722,1299,1706,2177,2048,3654,882,671,819,1076,1027,1616,840,628,887,1101,1021,2038,5438
20233,11170625,한강로동,12463,6247,6216,1395,935,2030,2008,1870,4225,741,498,1023,1009,977,1999,654,437,1007,999,893,2226,10405
20233,11170630,이촌1동,28057,13052,15005,5075,2937,2903,4654,4970,7518,2558,1454,1305,2014,2404,3317,2517,1483,1598,2640,2566,4201,10344
20233,11170640,이촌2동,9521,4519,5002,1174,837,1312,1495,1432,3271,610,425,654,759,695,1376,564,412,658,736,737,1895,3847
20233,11170650,이태원1동,7126,3341,3785,560,555,1173,1068,1102,2668,285,287,601,530,523,1115,275,268,572,538,579,1553,3935
20233,11170660,이태원2동,9481,4373,5108,930,742,1547,1581,1419,3262,440,375,776,760,667,1355,490,367,771,821,752,1907,5025
20233,11170685,한남동,19536,9359,10177,1920,1460,3328,3596,3130,6102,1005,748,1632,1808,1500,2666,915,712,1696,1788,1630,3436,11412
20233,11170690,서빙고동,13291,6439,6852,1679,1939,1402,1894,2766,3611,855,993,707,857,1382,1645,824,946,695,1037,1384,1966,5326
20233,11170700,보광동,14985,7317,7668,1066,1497,2402,2364,2654,5002,596,815,1331,1196,1287,2092,470,682,1071,1168,1367,2910,7784
20233,11200520,왕십리2동,16917,8349,8568,2121,1846,2582,2768,2785,4815,1093,941,1274,1385,1396,2260,1028,905,1308,1383,1389,2555,7629
20233,11200535,왕십리도선동,19658,9555,10103,2678,2046,3178,3237,3096,5423,1364,1018,1521,1636,1479,2537,1314,1028,1657,1601,1617,2886,12023
20233,11200540,마장동,22343,11095,11248,2462,2721,3815,3188,3593,6564,1263,1355,1924,1635,1782,3136,1199,1366,1891,1553,1811,3428,10912
20233,11200550,사근동,10998,5707,5291,896,1758,3048,1337,1335,2624,443,858,1808,730,663,1205,453,900,1240,607,672,1419,7801
20233,11200560,행당1동,11784,5756,6028,1398,1245,1890,1928,1848,3475,699,632,954,959,889,1623,699,613,936,969,959,1852,6455
20233,11200570,행당2동,26603,12624,13979,4305,2910,3267,4864,4419,6838,2090,1379,1526,2335,2194,3100,2215,1531,1741,2529,2225,3738,9483
20233,11200580,응봉동,16178,7777,8401,2485,1830,1822,2932,2775,4334,1296,891,892,1385,1351,1962,1189,939,930,1547,1424,2372,6128
20233,11200590,금호1가동,13659,6614,7045,1665,1480,1721,2265,2297,4231,863,775,839,1143,1133,1861,802,705,882,1122,1164,2370,6713
20233,11200615,금호2?3가동,24420,11838,12582,3394,2362,3538,4495,3775,6856,1753,1209,1695,2258,1879,3044,1641,1153,1843,2237,1896,3812,10318
20233,11200620,금호4가동,14290,6889,7401,2194,1207,1947,2840,2176,3926,1128,622,917,1408,1088,1726,1066,585,1030,1432,1088,2200,6460
20233,11200645,옥수동,23133,10990,12143,3782,1902,3462,4480,3298,6209,1913,951,1584,2193,1551,2798,1869,951,1878,2287,1747,3411,11091
20233,11200650,성수1가1동,16029,8118,7911,1966,1860,2624,2576,2819,4184,1012,950,1354,1337,1425,2040,954,910,1270,1239,1394,2144,7671
20233,11200660,성수1가2동,14754,7371,7383,1728,1466,2718,2652,2255,3935,872,753,1333,1368,1145,1900,856,713,1385,1284,1110,2035,6504
20233,11200670,성수2가1동,18477,9577,8900,1853,1802,2902,2880,3225,5815,953,934,1543,1525,1710,2912,900,868,1359,1355,1515,2903,8455
20233,11200690,성수2가3동,10873,5654,5219,1104,970,1910,1775,1636,3478,553,503,971,966,898,1763,551,467,939,809,738,1715,5700
20233,11200720,송정동,11173,5944,5229,1053,1140,1765,1774,2006,3435,560,610,960,987,1105,1722,493,530,805,787,901,1713,5572
20233,11200790,용답동,15032,8020,7012,1151,1595,2406,2327,2793,4760,598,803,1230,1375,1598,2416,553,792,1176,952,1195,2344,6872
20233,11215710,화양동,20588,9881,10707,1020,2793,7469,2922,2219,4165,503,1119,3571,1567,1192,1929,517,1674,3898,1355,1027,2236,17039
20233,11215730,군자동,19686,9799,9887,1819,2103,4378,3226,2831,5329,968,1035,2197,1686,1417,2496,851,1068,2181,1540,1414,2833,11155
20233,11215740,중곡1동,15381,7635,7746,1457,1449,2971,2559,2452,4493,748,732,1460,1344,1224,2127,709,717,1511,1215,1228,2366,8508
20233,11215750,중곡2동,22019,10734,11285,2425,2400,4114,3616,3541,5923,1229,1262,1979,1803,1697,2764,1196,1138,2135,1813,1844,3159,10545
20233,11215760,중곡3동,17505,8683,8822,1756,1971,2854,2693,3080,5151,924,1001,1438,1425,1508,2387,832,970,1416,1268,1572,2764,8551
20233,11215770,중곡4동,30966,15309,15657,3319,3868,4677,4730,5372,9000,1758,1991,2345,2467,2625,4123,1561,1877,2332,2263,2747,4877,13163
20233,11215780,능동,11129,5278,5851,1112,941,2823,2137,1384,2732,584,469,1231,1106,666,1222,528,472,1592,1031,718,1510,6510
20233,11215810,광장동,33732,16406,17326,6320,5294,3153,5481,7151,6333,3233,2695,1550,2302,3584,3042,3087,2599,1603,3179,3567,3291,12065
20233,11215820,자양1동,21955,10732,11223,2070,2420,4128,3711,3540,6086,1088,1212,2004,1914,1724,2790,982,1208,2124,1797,1816,3296,11855
20233,11215830,자양2동,25781,12705,13076,3262,2913,3872,4448,4108,7178,1679,1548,1894,2241,1973,3370,1583,1365,1978,2207,2135,3808,11214
20233,11215840,자양3동,28608,13914,14694,4412,3346,4084,4620,4654,7492,2219,1737,1964,2193,2223,3578,2193,1609,2120,2427,2431,3914,11170
20233,11215847,자양4동,19042,9519,9523,1506,1813,3243,2917,3187,6376,732,922,1643,1549,1658,3015,774,891,1600,1368,1529,3361,9474
20233,11215850,구의1동,22151,10602,11549,1890,2386,4797,3917,3382,5779,968,1141,2265,1961,1659,2608,922,1245,2532,1956,1723,3171,12108
20233,11215860,구의2동,24579,12042,12537,3043,2860,3561,4059,4068,6988,1592,1424,1794,2057,1965,3210,1451,1436,1767,2002,2103,3778,11685
20233,11215870,구의3동,28444,13740,14704,3622,3641,4596,4446,4826,7313,1822,1861,2233,2150,2256,3418,1800,1780,2363,2296,2570,3895,12201
20233,11230536,용신동,25063,12915,12148,2205,2280,4500,4017,3756,8305,1155,1205,2335,2138,2024,4058,1050,1075,2165,1879,1732,4247,18390
20233,11230545,제기동,23990,12234,11756,2266,2361,4044,3366,3491,8462,1166,1216,2284,1793,1871,3904,1100,1145,1760,1573,1620,4558,13286
20233,11230560,전농1동,28613,14345,14268,3230,3245,3923,4404,4626,9185,1642,1644,2036,2312,2391,4320,1588,1601,1887,2092,2235,4865,15185
20233,11230570,전농2동,20201,9804,10397,2686,2399,2403,3092,3444,6177,1368,1207,1236,1448,1696,2849,1318,1192,1167,1644,1748,3328,7805
20233,11230600,답십리1동,23777,11657,12120,3389,2404,3527,4216,3690,6551,1695,1232,1692,2164,1865,3009,1694,1172,1835,2052,1825,3542,12898
20233,11230610,답십리2동,29117,14305,14812,3440,3148,3823,4553,4911,9242,1692,1623,1962,2308,2479,4241,1748,1525,1861,2245,2432,5001,12848
20233,11230650,장안1동,36646,18353,18293,4657,3484,5627,6449,5590,10839,2384,1777,2830,3330,2847,5185,2273,1707,2797,3119,2743,5654,18258
20233,11230660,장안2동,29924,15093,14831,4640,3083,3655,5514,4813,8219,2426,1668,1858,2780,2512,3849,2214,1415,1797,2734,2301,4370,14016
20233,11230705,청량리동,19581,9755,9826,1814,1839,2592,2589,2921,7826,920,941,1387,1357,1495,3655,894,898,1205,1232,1426,4171,10036
20233,11230710,회기동,10009,4828,5181,924,1400,2490,1481,1244,2470,458,600,1326,737,629,1078,466,800,1164,744,615,1392,6296
20233,11230720,휘경1동,12887,6407,6480,973,1597,2619,1873,1939,3886,504,751,1338,1015,1028,1771,469,846,1281,858,911,2115,7186
20233,11230730,휘경2동,23906,11788,12118,2807,3382,4055,3533,3700,6429,1440,1548,2249,1775,1815,2961,1367,1834,1806,1758,1885,3468,11851
20233,11230740,이문1동,18250,9095,9155,1619,2576,3826,2437,2697,5095,848,1197,2165,1243,1339,2303,771,1379,1661,1194,1358,2792,10572
20233,11230750,이문2동,21209,10388,10821,2844,2490,2749,3259,3588,6279,1441,1241,1392,1634,1798,2882,1403,1249,1357,1625,1790,3397,8712
20233,11260520,면목2동,26072,13121,12951,2731,2813,3655,4071,4848,7954,1382,1459,1867,2186,2498,3729,1349,1354,1788,1885,2350,4225,12298
20233,11260540,면목4동,20660,10452,10208,2286,2141,2878,3493,3359,6503,1220,1129,1487,1887,1732,2997,1066,1012,1391,1606,1627,3506,8959
20233,11260550,면목5동,9670,4934,4736,1070,1044,1436,1407,1739,2974,538,530,759,724,921,1462,532,514,677,683,818,1512,6602
20233,11260565,면목본동,34196,17176,17020,3236,3752,5530,5402,5922,10354,1623,1953,2849,2900,2989,4862,1613,1799,2681,2502,2933,5492,17765
20233,11260570,면목7동,22266,11109,11157,2282,2236,3376,3406,3605,7361,1175,1174,1710,1788,1788,3474,1107,1062,1666,1618,1817,3887,10708
20233,11260575,면목3?8동,24806,12457,12349,2326,2716,3720,3684,4331,8029,1195,1402,1910,2000,2216,3734,1131,1314,1810,1684,2115,4295,12759
20233,11260580,상봉1동,25886,12691,13195,3534,3345,3605,3787,4419,7196,1810,1754,1808,1849,2134,3336,1724,1591,1797,1938,2285,3860,10297
20233,11260590,상봉2동,17233,8600,8633,1520,1615,3519,2776,2688,5115,780,828,1688,1478,1360,2466,740,787,1831,1298,1328,2649,11702
20233,11260600,중화1동,20211,10001,10210,2457,2150,3204,3196,3007,6197,1232,1132,1602,1691,1439,2905,1225,1018,1602,1505,1568,3292,9121
20233,11260610,중화2동,26132,13508,12624,2069,2584,3831,3728,4729,9191,1095,1342,1977,2062,2518,4514,974,1242,1854,1666,2211,4677,13880
20233,11260620,묵1동,34443,16890,17553,4401,3952,4968,5576,5564,9982,2230,2026,2446,2807,2715,4666,2171,1926,2522,2769,2849,5316,14972
20233,11260630,묵2동,18734,9263,9471,2094,1899,2985,3167,2866,5723,1112,950,1458,1657,1452,2634,982,949,1527,1510,1414,3089,9338
20233,11260655,망우본동,31010,15654,15356,3103,3483,4551,4513,5212,10148,1569,1822,2309,2461,2582,4911,1534,1661,2242,2052,2630,5237,15073
20233,11260660,망우3동,17398,8668,8730,1738,2131,2406,2443,3186,5494,870,1058,1218,1266,1632,2624,868,1073,1188,1177,1554,2870,8431
20233,11260680,신내1동,40914,20056,20858,6648,4755,5111,6509,6210,11681,3373,2477,2551,3242,2962,5451,3275,2278,2560,3267,3248,6230,14806
20233,11260690,신내2동,23997,11640,12357,3218,2732,3114,3835,3977,7121,1630,1444,1546,1918,1889,3213,1588,1288,1568,1917,2088,3908,9076
20233,11290525,성북동,16414,7796,8618,1579,1848,2708,2549,2769,4961,797,935,1242,1239,1354,2229,782,913,1466,1310,1415,2732,8225
20233,11290555,삼선동,23746,11430,12316,2589,2860,4002,3808,3927,6560,1354,1390,1926,1883,1945,2932,1235,1470,2076,1925,1982,3628,11689
20233,11290575,동선동,15848,6935,8913,1341,2137,3951,2371,2138,3910,681,763,1593,1133,1055,1710,660,1374,2358,1238,1083,2200,9347
20233,11290580,돈암1동,15258,7224,8034,1888,1849,2056,2245,2634,4586,921,866,1014,1106,1264,2053,967,983,1042,1139,1370,2533,6236
20233,11290590,돈암2동,23961,11574,12387,4048,2979,2755,3902,4333,5944,2071,1500,1339,1806,2116,2742,1977,1479,1416,2096,2217,3202,8735
20233,11290600,안암동,5435,2811,2624,330,892,1483,672,719,1339,176,429,845,380,361,620,154,463,638,292,358,719,9202
20233,11290610,보문동,12473,6081,6392,1213,1405,2252,1975,2071,3557,591,696,1156,1020,1003,1615,622,709,1096,955,1068,1942,7827
20233,11290620,정릉1동,18977,9182,9795,2796,2165,2373,3198,3103,5342,1408,1089,1150,1555,1543,2437,1388,1076,1223,1643,1560,2905,7502
20233,11290630,정릉2동,23438,11571,11867,3071,2676,2870,3742,3830,7249,1624,1418,1474,1913,1850,3292,1447,1258,1396,1829,1980,3957,9882
20233,11290640,정릉3동,14792,7539,7253,1392,1922,2397,1957,2172,4952,714,941,1392,1077,1134,2281,678,981,1005,880,1038,2671,8011
20233,11290650,정릉4동,27377,13341,14036,3860,2957,3266,4707,4438,8149,2020,1513,1585,2342,2190,3691,1840,1444,1681,2365,2248,4458,10979
20233,11290660,길음1동,38001,18312,19689,7850,4026,3908,7782,6374,8061,4019,1976,1818,3614,3309,3576,3831,2050,2090,4168,3065,4485,12775
20233,11290685,길음2동,11218,5450,5768,1546,1263,1443,1825,1820,3321,822,621,713,867,906,1521,724,642,730,958,914,1800,7118
20233,11290705,종암동,38996,19364,19632,5488,4454,5569,6271,6351,10863,2860,2340,2961,3093,3197,4913,2628,2114,2608,3178,3154,5950,17435
20233,11290715,월곡1동,27636,13410,14226,4482,2793,3066,4939,4478,7878,2261,1372,1473,2418,2328,3558,2221,1421,1593,2521,2150,4320,10916
20233,11290725,월곡2동,20500,10126,10374,2445,2460,3008,3096,3271,6220,1287,1130,1512,1583,1677,2937,1158,1330,1496,1513,1594,3283,9615
20233,11290760,장위1동,20012,9937,10075,1962,2514,2675,2679,3652,6530,981,1290,1447,1432,1779,3008,981,1224,1228,1247,1873,3522,9162
20233,11290770,장위2동,14714,7306,7408,1404,1671,1801,2020,2617,5201,706,851,942,1072,1335,2400,698,820,859,948,1282,2801,6593
20233,11290780,장위3동,10387,5220,5167,1296,1210,1144,1556,1821,3360,619,633,618,780,925,1645,677,577,526,776,896,1715,7094
20233,11290810,석관동,33174,16605,16569,3595,3475,4707,5103,5353,10941,1909,1782,2439,2652,2662,5161,1686,1693,2268,2451,2691,5780,16697
20233,11305534,삼양동,26436,13157,13279,3148,3040,3261,4035,4517,8435,1638,1597,1697,2053,2303,3869,1510,1443,1564,1982,2214,4566,11377
20233,11305535,미아동,22868,11145,11723,1933,2521,3584,3363,3789,7678,1015,1224,1797,1749,1857,3503,918,1297,1787,1614,1932,4175,11775
20233,11305545,송중동,27542,13534,14008,2493,2865,3972,4095,4467,9650,1248,1472,2018,2155,2231,4410,1245,1393,1954,1940,2236,5240,14073
20233,11305555,송천동,28896,14419,14477,2573,3034,3889,4131,4974,10295,1292,1579,2046,2195,2534,4773,1281,1455,1843,1936,2440,5522,13795
20233,11305575,삼각산동,34820,16934,17886,6502,4223,3366,6521,6212,7996,3342,2166,1623,3059,3190,3554,3160,2057,1743,3462,3022,4442,11742
20233,11305595,번1동,19824,9799,10025,1760,2113,3156,3264,3217,6314,899,1067,1518,1704,1706,2905,861,1046,1638,1560,1511,3409,10476
20233,11305603,번2동,18104,8873,9231,1653,2107,2237,2680,2937,6490,885,1082,1201,1424,1447,2834,768,1025,1036,1256,1490,3656,7659
20233,11305608,번3동,20018,9619,10399,2252,2218,2115,3185,2975,7273,1117,1146,1078,1672,1510,3096,1135,1072,1037,1513,1465,4177,7579
20233,11305615,수유1동,21607,10731,10876,2108,2388,3053,3176,3458,7424,1059,1240,1560,1732,1726,3414,1049,1148,1493,1444,1732,4010,10452
20233,11305625,수유2동,21671,10645,11026,2250,2363,2768,3154,3533,7603,1181,1238,1447,1640,1732,3407,1069,1125,1321,1514,1801,4196,9731
20233,11305635,수유3동,23645,11828,11817,1845,2403,4077,3561,3875,7884,959,1241,2116,1938,1919,3655,886,1162,1961,1623,1956,4229,12998
20233,11305645,우이동,20289,9917,10372,2233,2224,2519,2821,3343,7149,1175,1141,1283,1478,1597,3243,1058,1083,1236,1343,1746,3906,9647
20233,11305660,인수동,31270,15275,15995,3143,3363,4091,4467,5030,11176,1592,1736,2052,2375,2476,5044,1551,1627,2039,2092,2554,6132,14563
20233,11320511,창1동,27262,13230,14032,3617,3206,3531,4409,4694,7805,1860,1652,1782,2175,2247,3514,1757,1554,1749,2234,2447,4291,10877
20233,11320512,창2동,30878,15185,15693,3843,3633,4318,4966,5113,9005,1965,1862,2162,2495,2507,4194,1878,1771,2156,2471,2606,4811,12458
20233,11320513,창3동,15312,7693,7619,1669,1834,1857,2287,2697,4968,878,972,971,1196,1384,2292,791,862,886,1091,1313,2676,6654
20233,11320514,창4동,30025,14596,15429,4109,4023,3748,4464,5511,8170,2152,2064,1872,2108,2598,3802,1957,1959,1876,2356,2913,4368,10753
20233,11320515,창5동,26631,12984,13647,3271,3232,3858,3912,4352,8006,1702,1629,1938,1925,2062,3728,1569,1603,1920,1987,2290,4278,10266
20233,11320521,도봉1동,22048,11169,10879,1818,2320,2697,2993,3551,8669,904,1233,1422,1656,1809,4145,914,1087,1275,1337,1742,4524,10426
20233,11320522,도봉2동,28223,13937,14286,3390,2634,3489,4214,4086,10410,1726,1394,1775,2173,2039,4830,1664,1240,1714,2041,2047,5580,12123
20233,11320660,쌍문1동,21760,10668,11092,2427,2677,2694,3142,3625,7195,1213,1350,1389,1584,1800,3332,1214,1327,1305,1558,1825,3863,9441
20233,11320670,쌍문2동,20146,9775,10371,2204,2424,2861,2911,3259,6487,1176,1244,1442,1500,1510,2903,1028,1180,1419,1411,1749,3584,8673
20233,11320680,쌍문3동,17430,8515,8915,1800,1828,2656,2751,2735,5660,931,905,1345,1417,1329,2588,869,923,1311,1334,1406,3072,7896
20233,11320681,쌍문4동,19452,9326,10126,2432,2700,2553,2599,3529,5639,1229,1398,1280,1226,1594,2599,1203,1302,1273,1373,1935,3040,7196
20233,11320690,방학1동,30854,15417,15437,3224,3696,4158,4289,5280,10207,1663,1955,2183,2178,2572,4866,1561,1741,1975,2111,2708,5341,12737
20233,11320700,방학2동,21677,10994,10683,2110,2751,2631,3002,3910,7273,1106,1472,1462,1560,2031,3363,1004,1279,1169,1442,1879,3910,9509
20233,11320710,방학3동,29657,14581,15076,4025,3818,3768,3973,5190,8883,2139,2076,1997,1817,2460,4092,1886,1742,1771,2156,2730,4791,10068
20233,11350560,월계1동,22187,11501,10686,2539,2913,3278,3481,3279,6697,1335,1638,1885,1788,1680,3175,1204,1275,1393,1693,1599,3522,10472
20233,11350570,월계2동,27157,13216,13941,3177,3122,3156,4213,4316,9173,1641,1628,1641,2160,2150,3996,1536,1494,1515,2053,2166,5177,12063
20233,11350580,월계3동,33913,16450,17463,5036,3197,4541,6012,4908,10219,2626,1606,2221,3107,2411,4479,2410,1591,2320,2905,2497,5740,13009
20233,11350595,공릉1동,37367,18304,19063,4148,4580,6357,5940,5545,10797,2105,2294,3206,3136,2689,4874,2043,2286,3151,2804,2856,5923,18300
20233,11350600,공릉2동,41090,20272,20818,6353,5977,5335,6608,7025,9792,3320,3039,2713,3149,3479,4572,3033,2938,2622,3459,3546,5220,16502
20233,11350611,하계1동,28983,13931,15052,2847,4968,3638,3407,5803,8320,1505,2772,1885,1579,2673,3517,1342,2196,1753,1828,3130,4803,11662
20233,11350612,하계2동,25187,12199,12988,3486,4080,2831,3578,4960,6252,1760,2161,1422,1638,2389,2829,1726,1919,1409,1940,2571,3423,8303
20233,11350619,중계본동,26352,12942,13410,3558,5239,2411,3145,6230,5769,1842,2723,1217,1296,3019,2845,1716,2516,1194,1849,3211,2924,8624
20233,11350621,중계1동,29087,14266,14821,4415,6089,2226,3616,7437,5304,2328,3239,1127,1411,3640,2521,2087,2850,1099,2205,3797,2783,9073
20233,11350624,중계4동,21511,10572,10939,2500,3261,2309,2993,4116,6332,1282,1784,1215,1483,2019,2789,1218,1477,1094,1510,2097,3543,8476
20233,11350625,중계2?3동,39546,18598,20948,4960,5095,4465,6352,6653,12021,2503,2573,2151,3185,3236,4950,2457,2522,2314,3167,3417,7071,15408
20233,11350630,상계1동,41426,20305,21121,5034,5397,5434,5915,7150,12496,2566,2815,2742,2889,3376,5917,2468,2582,2692,3026,3774,6579,15655
20233,11350640,상계2동,21559,10678,10881,2127,3175,3037,2911,3967,6342,1095,1638,1513,1456,1933,3043,1032,1537,1524,1455,2034,3299,8798
20233,11350665,상계3?4동,27744,13900,13844,2709,3226,3167,3815,4781,10046,1431,1707,1728,2001,2427,4606,1278,1519,1439,1814,2354,5440,12221
20233,11350670,상계5동,27306,13262,14044,2786,3621,3429,3830,4865,8775,1423,1875,1758,1919,2321,3966,1363,1746,1671,1911,2544,4809,11023
20233,11350695,상계6?7동,36633,17204,19429,5656,4492,4867,6353,6329,8936,2927,2243,2224,3002,2966,3842,2729,2249,2643,3351,3363,5094,13946
20233,11350700,상계8동,26740,12933,13807,5513,2878,3711,5618,3861,5159,2805,1459,1721,2843,1900,2205,2708,1419,1990,2775,1961,2954,9169
20233,11350710,상계9동,23749,11462,12287,3382,3222,2912,3781,4282,6170,1716,1716,1470,1815,2010,2735,1666,1506,1442,1966,2272,3435,8424
20233,11350720,상계10동,17781,8304,9477,2305,2357,2702,2817,3063,4537,1154,1184,1289,1353,1372,1952,1151,1173,1413,1464,1691,2585,7083
20233,11380510,녹번동,31623,15331,16292,3678,3162,4485,5312,4992,9994,1884,1621,2222,2710,2464,4430,1794,1541,2263,2602,2528,5564,17479
20233,11380520,불광1동,42306,20267,22039,5382,4366,5798,7094,6778,12888,2794,2171,2804,3533,3253,5712,2588,2195,2994,3561,3525,7176,17969
20233,11380530,불광2동,28518,13988,14530,2560,3172,4121,4223,4748,9694,1305,1684,2125,2221,2273,4380,1255,1488,1996,2002,2475,5314,13956
20233,11380551,갈현1동,24611,12052,12559,2292,3101,3666,3565,4136,7851,1223,1625,1865,1832,1961,3546,1069,1476,1801,1733,2175,4305,11152
20233,11380552,갈현2동,28906,13918,14988,3305,3904,4085,4659,4908,8045,1750,1932,1942,2403,2341,3550,1555,1972,2143,2256,2567,4495,12643
20233,11380560,구산동,31839,15538,16301,3849,3954,4135,4934,5329,9638,1942,1952,2040,2500,2529,4575,1907,2002,2095,2434,2800,5063,13401
20233,11380570,대조동,30107,14301,15806,2977,3148,5110,5026,4726,9120,1475,1483,2414,2562,2278,4089,1502,1665,2696,2464,2448,5031,14312
20233,11380580,응암1동,25166,12072,13094,3278,2619,3603,4603,4015,7048,1699,1317,1680,2255,1992,3129,1579,1302,1923,2348,2023,3919,14058
20233,11380590,응암2동,17038,8318,8720,2981,1761,1907,3498,2632,4259,1547,936,911,1739,1293,1892,1434,825,996,1759,1339,2367,11005
20233,11380600,응암3동,26254,12910,13344,2464,2854,3674,3863,4363,9036,1261,1554,1904,1988,2195,4008,1203,1300,1770,1875,2168,5028,12765
20233,11380625,역촌동,48771,23402,25369,5902,5653,6743,8522,7962,13989,2972,2820,3208,4308,3862,6232,2930,2833,3535,4214,4100,7757,20857
20233,11380631,신사1동,27669,13490,14179,3156,3143,4051,4591,4453,8275,1587,1715,1982,2333,2116,3757,1569,1428,2069,2258,2337,4518,11838
20233,11380632,신사2동,21138,10605,10533,2514,2602,2786,3284,3570,6382,1315,1423,1464,1686,1754,2963,1199,1179,1322,1598,1816,3419,9044
20233,11380640,증산동,15115,7497,7618,1579,1677,2052,2304,2451,5052,803,873,1060,1169,1221,2371,776,804,992,1135,1230,2681,6891
20233,11380650,수색동,7827,3932,3895,877,836,1055,1124,1275,2660,483,431,547,608,651,1212,394,405,508,516,624,1448,4737
20233,11380690,진관동,50293,24088,26205,9460,5815,5293,8934,8416,12375,4908,2853,2404,3982,4302,5639,4552,2962,2889,4952,4114,6736,21642
20233,11410520,천연동,19842,9532,10310,3033,2060,2372,3235,3313,5829,1558,1023,1175,1571,1673,2532,1475,1037,1197,1664,1640,3297,8016
20233,11410555,북아현동,9826,4812,5014,1004,1068,1525,1489,1665,3075,514,540,785,784,846,1343,490,528,740,705,819,1732,7469
20233,11410565,충현동,17627,8593,9034,1572,2042,2756,2515,3009,5733,769,1074,1368,1276,1519,2587,803,968,1388,1239,1490,3146,10379
20233,11410585,신촌동,17521,8062,9459,1229,2308,5614,2464,2053,3853,632,873,2618,1206,1016,1717,597,1435,2996,1258,1037,2136,13316
20233,11410615,연희동,37904,18494,19410,3647,4374,7331,5594,5889,11069,1895,2169,3864,2708,2877,4981,1752,2205,3467,2886,3012,6088,18862
20233,11410620,홍제1동,22602,10762,11840,2776,2531,2963,3572,3744,7016,1371,1283,1489,1756,1782,3081,1405,1248,1474,1816,1962,3935,10489
20233,11410640,홍제3동,16314,7937,8377,1634,1940,2093,2233,2871,5543,830,976,1066,1173,1425,2467,804,964,1027,1060,1446,3076,7117
20233,11410655,홍제2동,15218,7313,7905,1849,1665,2078,2158,2566,4902,946,868,1000,1057,1236,2206,903,797,1078,1101,1330,2696,5908
20233,11410660,홍은1동,20855,10192,10663,2334,2487,2575,2882,3594,6983,1186,1254,1293,1475,1790,3194,1148,1233,1282,1407,1804,3789,9716
20233,11410685,홍은2동,27823,13595,14228,3027,3440,3942,4030,4756,8628,1554,1749,2019,2026,2348,3899,1473,1691,1923,2004,2408,4729,12304
20233,11410690,남가좌1동,15986,7764,8222,3613,1451,1914,3347,2318,3343,1820,732,865,1662,1140,1545,1793,719,1049,1685,1178,1798,5889
20233,11410700,남가좌2동,22912,11218,11694,2675,2758,3108,3356,3901,7114,1372,1377,1643,1683,1947,3196,1303,1381,1465,1673,1954,3918,13308
20233,11410710,북가좌1동,19466,9500,9966,2972,2129,2395,3338,3264,5368,1553,1088,1137,1631,1619,2472,1419,1041,1258,1707,1645,2896,6990
20233,11410720,북가좌2동,34442,16874,17568,3869,4097,4698,5514,5653,10611,1973,2129,2393,2773,2762,4844,1896,1968,2305,2741,2891,5767,14785
20233,11440555,아현동,21498,10283,11215,3593,1913,3580,4177,3151,5084,1763,938,1576,2144,1523,2339,1830,975,2004,2033,1628,2745,10610
20233,11440565,공덕동,37133,17847,19286,4236,3991,6100,5899,6297,10610,2150,2001,2849,2996,3082,4769,2086,1990,3251,2903,3215,5841,18628
20233,11440585,도화동,22198,10672,11526,2826,2195,3578,3624,3429,6546,1483,1108,1673,1789,1681,2938,1343,1087,1905,1835,1748,3608,9539
20233,11440590,용강동,20469,9899,10570,3636,1857,2689,4072,3287,4928,1833,928,1278,1973,1677,2210,1803,929,1411,2099,1610,2718,9300
20233,11440600,대흥동,11549,5625,5924,845,1412,2592,1756,1685,3259,449,613,1293,895,883,1492,396,799,1299,861,802,1767,8385
20233,11440610,염리동,10246,4948,5298,1166,1185,1553,1624,1736,2982,593,580,779,802,870,1324,573,605,774,822,866,1658,5677
20233,11440630,신수동,21438,10501,10937,3041,2322,3282,3756,3424,5613,1548,1206,1657,1848,1724,2518,1493,1116,1625,1908,1700,3095,10213
20233,11440655,서강동,25284,12138,13146,3495,2763,4810,4670,3801,5745,1818,1303,2319,2232,1823,2643,1677,1460,2491,2438,1978,3102,11619
20233,11440660,서교동,24372,11344,13028,1920,2278,6226,4724,3321,5903,1003,1009,2800,2285,1611,2636,917,1269,3426,2439,1710,3267,14891
20233,11440680,합정동,18775,8925,9850,2120,1885,4100,3414,2504,4752,1109,899,1831,1748,1216,2122,1011,986,2269,1666,1288,2630,10285
20233,11440690,망원1동,21608,10430,11178,2221,2223,3839,3893,3391,6041,1169,1114,1791,1949,1707,2700,1052,1109,2048,1944,1684,3341,10513
20233,11440700,망원2동,19167,9232,9935,2519,2088,2843,3574,3054,5089,1272,1075,1314,1729,1549,2293,1247,1013,1529,1845,1505,2796,8571
20233,11440710,연남동,17597,8305,9292,1567,1653,3875,3287,2455,4760,785,802,1810,1626,1193,2089,782,851,2065,1661,1262,2671,8854
20233,11440720,성산1동,19859,9469,10390,2122,2145,3293,3713,3276,5310,1066,1134,1533,1780,1581,2375,1056,1011,1760,1933,1695,2935,9419
20233,11440730,성산2동,36249,17469,18780,5629,4319,5165,6381,6338,8417,2893,2192,2438,3016,3176,3754,2736,2127,2727,3365,3162,4663,19041
20233,11440740,상암동,33829,16457,17372,6425,3987,3947,6338,5772,7360,3332,1979,1874,2930,3008,3334,3093,2008,2073,3408,2764,4026,12766
20233,11470510,목1동,27807,13405,14402,4690,4528,2851,4269,5937,5532,2378,2256,1290,1809,2981,2691,2312,2272,1561,2460,2956,2841,10556
20233,11470520,목2동,31200,15334,15866,3648,3943,5637,4998,5049,7925,1872,2161,2731,2513,2375,3682,1776,1782,2906,2485,2674,4243,13239
20233,11470530,목3동,21251,10374,10877,2407,2564,3581,3392,3369,5938,1252,1449,1733,1701,1556,2683,1155,1115,1848,1691,1813,3255,10117
20233,11470540,목4동,26950,13376,13574,3238,4943,3208,3726,5772,6063,1653,2772,1636,1717,2752,2846,1585,2171,1572,2009,3020,3217,10128
20233,11470550,목5동,44710,22223,22487,7428,7622,4515,6136,9883,9126,3987,4180,2255,2419,4916,4466,3441,3442,2260,3717,4967,4660,13578
20233,11470560,신월1동,21328,10978,10350,2129,2294,2841,3356,3658,7050,1070,1193,1519,1852,1897,3447,1059,1101,1322,1504,1761,3603,10203
20233,11470570,신월2동,22442,11147,11295,2979,2455,3074,3707,3436,6791,1508,1335,1572,1910,1663,3159,1471,1120,1502,1797,1773,3632,8607
20233,11470580,신월3동,16840,8848,7992,1583,1919,2283,2450,3012,5593,839,991,1273,1348,1624,2773,744,928,1010,1102,1388,2820,8040
20233,11470590,신월4동,18943,9302,9641,2976,2118,2293,3394,2839,5323,1500,1103,1137,1688,1386,2488,1476,1015,1156,1706,1453,2835,6961
20233,11470600,신월5동,15293,7571,7722,1975,1875,2105,2476,2584,4278,1050,961,1044,1267,1253,1996,925,914,1061,1209,1331,2282,6487
20233,11470610,신월6동,6659,3311,3348,843,882,833,1006,1097,1998,434,452,439,517,538,931,409,430,394,489,559,1067,5226
20233,11470611,신월7동,23403,11588,11815,2672,2608,3191,3660,3735,7537,1344,1369,1687,1930,1860,3398,1328,1239,1504,1730,1875,4139,9234
20233,11470620,신정1동,21578,10558,11020,3410,3489,2153,3018,4474,5034,1748,1804,1037,1306,2228,2435,1662,1685,1116,1712,2246,2599,7213
20233,11470630,신정2동,21607,10722,10885,2806,3732,2345,2708,4652,5364,1469,1984,1169,1185,2312,2603,1337,1748,1176,1523,2340,2761,7141
20233,11470640,신정3동,47275,23338,23937,7541,6408,5441,7735,8551,11599,3904,3346,2757,3758,4208,5365,3637,3062,2684,3977,4343,6234,17831
20233,11470650,신정4동,34659,17028,17631,3728,3810,5536,5958,5366,10261,1901,1918,2735,3089,2554,4831,1827,1892,2801,2869,2812,5430,16066
20233,11470670,신정6동,26460,12891,13569,4076,4568,2916,3616,5692,5592,2134,2374,1386,1536,2742,2719,1942,2194,1530,2080,2950,2873,8300
20233,11470680,신정7동,31798,15590,16208,3805,4841,3704,4175,6209,9064,2028,2536,1865,1980,3031,4150,1777,2305,1839,2195,3178,4914,11604
20233,11500510,염창동,40707,20025,20682,7548,5002,5284,7452,6860,8561,3844,2610,2476,3598,3410,4087,3704,2392,2808,3854,3450,4474,15820
20233,11500520,등촌1동,21207,10029,11178,2527,2129,5026,3720,2970,4835,1332,1068,2050,1901,1428,2250,1195,1061,2976,1819,1542,2585,13153
20233,11500530,등촌2동,21918,10945,10973,2601,2735,3635,3337,3515,6095,1376,1536,1807,1709,1613,2904,1225,1199,1828,1628,1902,3191,8766
20233,11500535,등촌3동,34687,16662,18025,3605,4369,5248,4692,5433,11340,1874,2315,2651,2370,2491,4961,1731,2054,2597,2322,2942,6379,15067
20233,11500540,화곡1동,51684,25545,26139,5313,4725,10247,9544,7194,14661,2659,2371,5090,5146,3512,6767,2654,2354,5157,4398,3682,7894,26338
20233,11500550,화곡2동,19772,9715,10057,2662,2083,2981,3755,3063,5228,1360,1074,1490,1906,1494,2391,1302,1009,1491,1849,1569,2837,7957
20233,11500560,화곡3동,23012,11189,11823,2535,2637,3656,3449,3491,7244,1313,1331,1788,1703,1626,3428,1222,1306,1868,1746,1865,3816,9239
20233,11500570,화곡4동,22351,11009,11342,2520,2371,3389,3998,3435,6638,1283,1259,1750,2072,1661,2984,1237,1112,1639,1926,1774,3654,9638
20233,11500590,화곡본동,36422,17852,18570,4796,3791,6201,7202,5302,9130,2484,1881,3077,3757,2660,3993,2312,1910,3124,3445,2642,5137,18579
20233,11500591,화곡6동,24725,12166,12559,2919,2686,4111,4119,3759,7131,1488,1442,1955,2147,1815,3319,1431,1244,2156,1972,1944,3812,11873
20233,11500593,화곡8동,26703,12972,13731,3234,2595,4164,5191,3813,7706,1628,1345,2043,2676,1831,3449,1606,1250,2121,2515,1982,4257,11583
20233,11500603,가양1동,26585,12986,13599,3430,3000,5505,4597,3876,6177,1780,1470,2559,2369,1830,2978,1650,1530,2946,2228,2046,3199,20072
20233,11500604,가양2동,16549,7941,8608,1103,1292,3004,2178,2034,6938,565,664,1509,1186,951,3066,538,628,1495,992,1083,3872,8052
20233,11500605,가양3동,17796,8514,9282,1855,1524,3099,2927,2299,6092,934,811,1525,1601,1107,2536,921,713,1574,1326,1192,3556,7912
20233,11500611,발산1동,39598,18904,20694,7295,5742,4050,7120,6871,8520,3667,2753,1953,3389,3335,3807,3628,2989,2097,3731,3536,4713,13523
20233,11500615,우장산동,46018,22135,23883,7708,5727,5581,8243,7885,10874,3839,2779,2685,3810,3916,5106,3869,2948,2896,4433,3969,5768,16129
20233,11500620,공항동,21949,11131,10818,2919,2011,3729,3870,3094,6326,1515,989,1896,2115,1613,3003,1404,1022,1833,1755,1481,3323,12784
20233,11500630,방화1동,44245,21720,22525,7878,4495,5856,8138,6362,11516,3974,2302,2780,4063,3212,5389,3904,2193,3076,4075,3150,6127,17489
20233,11500640,방화2동,23158,11434,11724,2391,2246,3695,3555,3411,7860,1244,1160,1839,1890,1762,3539,1147,1086,1856,1665,1649,4321,11644
20233,11500641,방화3동,25941,12518,13423,3158,2278,3810,4348,3737,8610,1587,1185,1861,2242,1821,3822,1571,1093,1949,2106,1916,4788,11330
20233,11530510,신도림동,37145,18228,18917,6689,3913,5106,7286,5347,8804,3407,2006,2384,3532,2661,4238,3282,1907,2722,3754,2686,4566,13483
20233,11530520,구로1동,20644,10237,10407,3581,2254,3109,3981,3036,4683,1877,1165,1547,1976,1496,2176,1704,1089,1562,2005,1540,2507,8364
20233,11530530,구로2동,27306,13796,13510,2367,2709,3588,3954,4938,9750,1223,1391,1848,2148,2615,4571,1144,1318,1740,1806,2323,5179,12794
20233,11530540,구로3동,26146,13194,12952,3083,2004,6479,5459,3291,5830,1558,952,3226,3005,1762,2691,1525,1052,3253,2454,1529,3139,13227
20233,11530550,구로4동,22308,11078,11230,2201,2049,3528,3867,3515,7148,1112,1078,1694,2105,1825,3264,1089,971,1834,1762,1690,3884,10711
20233,11530560,구로5동,29629,14558,15071,3632,2870,5640,5087,4342,8058,1836,1409,2650,2626,2183,3854,1796,1461,2990,2461,2159,4204,14707
20233,11530595,가리봉동,10098,5543,4555,628,795,1246,1314,2101,4014,327,408,690,781,1242,2095,301,387,556,533,859,1919,6040
20233,11530720,고척1동,24431,12260,12171,2991,2920,3304,3725,3930,7561,1546,1542,1755,1905,1950,3562,1445,1378,1549,1820,1980,3999,9619
20233,11530730,고척2동,28625,14298,14327,3686,3504,3510,4609,4945,8371,1894,1816,1777,2325,2462,4024,1792,1688,1733,2284,2483,4347,11610
20233,11530740,개봉1동,32447,16214,16233,4037,3652,4152,5067,5206,10333,1994,1917,2075,2616,2648,4964,2043,1735,2077,2451,2558,5369,14937
20233,11530750,개봉2동,34282,16893,17389,4816,3308,4671,6031,4645,10811,2486,1711,2270,3131,2235,5060,2330,1597,2401,2900,2410,5751,12605
20233,11530760,개봉3동,20217,10000,10217,2547,2230,2683,3415,3143,6199,1299,1143,1398,1782,1521,2857,1248,1087,1285,1633,1622,3342,8842
20233,11530770,오류1동,20637,10158,10479,2315,2048,3699,3555,2824,6196,1148,993,1799,1903,1437,2878,1167,1055,1900,1652,1387,3318,11785
20233,11530780,오류2동,41924,20532,21392,7476,4258,5234,7688,6094,11174,3834,2190,2496,3875,3045,5092,3642,2068,2738,3813,3049,6082,15629
20233,11530790,수궁동,25143,12527,12616,3469,2798,3309,4419,3829,7319,1813,1506,1632,2258,1904,3414,1656,1292,1677,2161,1925,3905,9967
20233,11530800,항동,2568,1281,1287,393,262,306,464,401,742,206,135,156,235,204,345,187,127,150,229,197,397,6135
20233,11545510,가산동,18712,10409,8303,1427,1467,5073,3192,2696,4857,721,676,2864,1967,1603,2578,706,791,2209,1225,1093,2279,15924
20233,11545610,독산1동,29172,15296,13876,3132,2734,5979,4897,4234,8196,1631,1382,3328,2801,2219,3935,1501,1352,2651,2096,2015,4261,21131
20233,11545620,독산2동,20805,10580,10225,2021,2411,3031,2861,3976,6505,1041,1279,1611,1508,2030,3111,980,1132,1420,1353,1946,3394,9436
20233,11545630,독산3동,24757,12508,12249,2179,2669,3543,3527,4714,8125,1061,1393,1850,1934,2352,3918,1118,1276,1693,1593,2362,4207,12553
20233,11545640,독산4동,16891,8513,8378,1583,1945,2221,2461,3338,5343,791,974,1188,1246,1719,2595,792,971,1033,1215,1619,2748,7657
20233,11545670,시흥1동,34306,17230,17076,4063,3622,4961,5491,5727,10442,2110,1915,2558,2844,2904,4899,1953,1707,2403,2647,2823,5543,16124
20233,11545680,시흥2동,23869,11691,12178,3450,2864,2727,3656,4055,7117,1760,1461,1438,1735,1975,3322,1690,1403,1289,1921,2080,3795,8474
20233,11545690,시흥3동,10878,5434,5444,1183,1172,1455,1575,1724,3769,554,631,763,836,868,1782,629,541,692,739,856,1987,4771
20233,11545700,시흥4동,21890,10936,10954,2416,2562,2853,3115,3802,7142,1224,1307,1512,1594,1914,3385,1192,1255,1341,1521,1888,3757,9154
20233,11545710,시흥5동,18790,9438,9352,1946,2201,2330,2651,3299,6363,1021,1158,1236,1393,1692,2938,925,1043,1094,1258,1607,3425,9414
20233,11560515,영등포본동,22836,11519,11317,2860,2251,3356,3704,3643,7022,1410,1181,1707,1927,1900,3394,1450,1070,1649,1777,1743,3628,10338
20233,11560535,영등포동,17225,9669,7556,1321,1246,4403,2760,2387,5108,712,594,2328,1604,1504,2927,609,652,2075,1156,883,2181,18953
20233,11560540,여의동,28793,13691,15102,4470,2786,3677,4639,4433,8788,2262,1390,1697,2141,2166,4035,2208,1396,1980,2498,2267,4753,13784
20233,11560550,당산1동,20148,9854,10294,2408,1767,3787,3613,2776,5797,1200,866,1809,1900,1402,2677,1208,901,1978,1713,1374,3120,10797
20233,11560560,당산2동,33422,15920,17502,4378,3011,7985,5837,4234,7977,2285,1418,3480,2912,2058,3767,2093,1593,4505,2925,2176,4210,18478
20233,11560585,도림동,19997,10044,9953,2240,1762,3482,3541,3220,5752,1157,919,1666,1933,1668,2701,1083,843,1816,1608,1552,3051,9436
20233,11560605,문래동,32692,16240,16452,5883,2908,4556,6497,4586,8262,3068,1482,2113,3238,2398,3941,2815,1426,2443,3259,2188,4321,13355
20233,11560610,양평1동,17070,8527,8543,2398,1429,3173,3564,2231,4275,1229,720,1530,1914,1209,1925,1169,709,1643,1650,1022,2350,9134
20233,11560620,양평2동,22099,11046,11053,3412,2348,4170,4059,3257,4853,1711,1212,2000,2087,1711,2325,1701,1136,2170,1972,1546,2528,10325
20233,11560630,신길1동,17202,8741,8461,1359,1604,3260,2733,2678,5568,697,830,1740,1524,1414,2536,662,774,1520,1209,1264,3032,10413
20233,11560650,신길3동,16658,8346,8312,1951,1749,2162,2536,2887,5373,1005,970,1107,1302,1461,2501,946,779,1055,1234,1426,2872,7653
20233,11560660,신길4동,9364,4673,4691,857,1083,1285,1226,1607,3306,437,581,684,633,803,1535,420,502,601,593,804,1771,5042
20233,11560670,신길5동,9645,4845,4800,948,1033,1212,1421,1656,3375,502,544,651,728,843,1577,446,489,561,693,813,1798,4997
20233,11560680,신길6동,16987,8362,8625,1871,1826,2784,2621,2623,5262,967,952,1411,1335,1279,2418,904,874,1373,1286,1344,2844,9247
20233,11560690,신길7동,12751,6395,6356,2034,1667,1824,2225,2169,2832,1112,828,930,1103,1113,1309,922,839,894,1122,1056,1523,7911
20233,11560700,대림1동,13474,6752,6722,1202,1519,1838,1892,2342,4681,622,809,971,1019,1164,2167,580,710,867,873,1178,2514,7219
20233,11560710,대림2동,13629,6736,6893,1184,1191,1870,2013,2394,4977,599,640,950,1057,1173,2317,585,551,920,956,1221,2660,6977
20233,11560720,대림3동,24878,12593,12285,2951,2612,3688,3838,4191,7598,1512,1410,1929,1991,2128,3623,1439,1202,1759,1847,2063,3975,10429
20233,11590510,노량진1동,30860,15434,15426,3747,3195,5559,4768,4466,9125,1914,1670,3028,2502,2233,4087,1833,1525,2531,2266,2233,5038,15709
20233,11590520,노량진2동,13262,6766,6496,866,1393,2450,1704,2148,4701,446,717,1368,929,1120,2186,420,676,1082,775,1028,2515,7466
20233,11590530,상도1동,46157,22802,23355,6111,5387,8643,7734,6209,12073,3206,2683,4614,3820,3027,5452,2905,2704,4029,3914,3182,6621,21584
20233,11590540,상도2동,24850,12037,12813,3389,2467,4324,4313,3569,6788,1739,1206,2076,2174,1776,3066,1650,1261,2248,2139,1793,3722,12575
20233,11590550,상도3동,25055,12231,12824,2752,2624,4230,4303,3767,7379,1421,1357,2106,2184,1816,3347,1331,1267,2124,2119,1951,4032,12051
20233,11590560,상도4동,28952,14335,14617,3504,3047,4725,4937,4467,8272,1825,1618,2407,2614,2127,3744,1679,1429,2318,2323,2340,4528,13804
20233,11590605,흑석동,29016,14150,14866,3467,3153,4433,4501,4483,8979,1795,1584,2299,2326,2172,3974,1672,1569,2134,2175,2311,5005,14266
20233,11590620,사당1동,22033,10598,11435,1793,1862,5394,3915,2741,6328,971,936,2501,2027,1308,2855,822,926,2893,1888,1433,3473,13289
20233,11590630,사당2동,28458,13883,14575,3654,2485,4598,5019,3855,8847,1945,1275,2189,2563,1860,4051,1709,1210,2409,2456,1995,4796,11947
20233,11590640,사당3동,23901,11636,12265,3182,2159,3731,4047,3321,7461,1655,1095,1785,1990,1622,3489,1527,1064,1946,2057,1699,3972,10564
20233,11590650,사당4동,14300,6955,7345,1501,1358,2548,2557,2026,4310,775,711,1247,1331,970,1921,726,647,1301,1226,1056,2389,7154
20233,11590651,사당5동,11517,5667,5850,1453,1174,1916,2109,1700,3165,754,633,935,1074,841,1430,699,541,981,1035,859,1735,6600
20233,11590660,대방동,39072,18782,20290,5061,5448,5895,6108,6895,9665,2564,2763,2806,2916,3424,4309,2497,2685,3089,3192,3471,5356,17282
20233,11590670,신대방1동,25113,12292,12821,3653,3100,3317,4026,4243,6774,1889,1541,1640,1898,2143,3181,1764,1559,1677,2128,2100,3593,10234
20233,11590680,신대방2동,19143,9398,9745,2868,2090,3139,3472,2913,4661,1526,1051,1467,1727,1458,2169,1342,1039,1672,1745,1455,2492,9769
20233,11620525,보라매동,24290,12101,12189,2435,2474,4335,4059,3604,7383,1243,1299,2238,2141,1784,3396,1192,1175,2097,1918,1820,3987,12009
20233,11620545,청림동,17325,8505,8820,2838,1582,2334,3259,2482,4830,1437,793,1168,1684,1290,2133,1401,789,1166,1575,1192,2697,6553
20233,11620565,성현동,32568,15918,16650,4556,3795,3837,5545,5410,9425,2352,1992,1861,2763,2723,4227,2204,1803,1976,2782,2687,5198,14122
20233,11620575,행운동,25488,12516,12972,2053,2264,7397,4414,3000,6360,1036,1043,3634,2399,1527,2877,1017,1221,3763,2015,1473,3483,17137
20233,11620585,낙성대동,15762,7962,7800,1259,1750,5057,2591,1757,3348,639,792,2678,1396,908,1549,620,958,2379,1195,849,1799,10254
20233,11620595,청룡동,27130,13262,13868,2062,2865,7843,4311,3270,6779,1049,1310,3823,2280,1680,3120,1013,1555,4020,2031,1590,3659,22229
20233,11620605,은천동,34935,17283,17652,4592,3390,5645,6212,5163,9933,2365,1725,2815,3237,2605,4536,2227,1665,2830,2975,2558,5397,15937
20233,11620615,중앙동,14535,7052,7483,1022,1433,3884,2247,1886,4063,537,647,1879,1201,974,1814,485,786,2005,1046,912,2249,9605
20233,11620625,인헌동,27630,13734,13896,2914,2755,6416,4783,3860,6902,1515,1377,3246,2531,1926,3139,1399,1378,3170,2252,1934,3763,13908
20233,11620630,남현동,18394,8878,9516,2019,1683,4427,3144,2321,4800,1025,781,2131,1627,1106,2208,994,902,2296,1517,1215,2592,9538
20233,11620645,서원동,22834,11713,11121,1498,2175,6237,3974,2955,5995,765,1098,3427,2221,1441,2761,733,1077,2810,1753,1514,3234,13823
20233,11620655,신원동,18403,9182,9221,1516,1893,3971,3023,2591,5409,763,948,2160,1625,1276,2410,753,945,1811,1398,1315,2999,10797
20233,11620665,서림동,24645,13642,11003,1870,2532,6503,4141,3280,6319,998,1314,3999,2546,1815,2970,872,1218,2504,1595,1465,3349,15523
20233,11620685,신사동,23022,11613,11409,1976,2434,4982,3783,3628,6219,1047,1224,2628,1975,1828,2911,929,1210,2354,1808,1800,3308,13680
20233,11620695,신림동,19935,10085,9850,898,1810,8114,3667,1916,3530,471,721,4113,2091,1050,1639,427,1089,4001,1576,866,1891,17289
20233,11620715,난향동,17130,8500,8630,2656,1722,1880,3239,2756,4877,1352,894,956,1627,1452,2219,1304,828,924,1612,1304,2658,6422
20233,11620725,조원동,17088,8712,8376,1496,1518,3865,2961,2464,4784,753,712,2022,1614,1303,2308,743,806,1843,1347,1161,2476,10649
20233,11620735,대학동,22444,13615,8829,1438,2398,6280,4087,3255,4986,732,1264,4242,2771,2150,2456,706,1134,2038,1316,1105,2530,16777
20233,11620745,삼성동,25864,13023,12841,2197,2759,3302,3587,4371,9648,1152,1423,1799,1984,2269,4396,1045,1336,1503,1603,2102,5252,11204
20233,11620765,미성동,30775,15378,15397,3407,3509,4696,4831,4864,9468,1749,1757,2466,2566,2365,4475,1658,1752,2230,2265,2499,4993,14102
20233,11620775,난곡동,29317,14862,14455,2978,3473,4067,4463,4981,9355,1542,1843,2216,2401,2480,4380,1436,1630,1851,2062,2501,4975,12972
20233,11650510,서초1동,20781,10038,10743,2874,2259,3393,3806,3207,5242,1462,1185,1588,1789,1566,2448,1412,1074,1805,2017,1641,2794,9350
20233,11650520,서초2동,17183,8274,8909,2504,1780,2853,3217,2640,4189,1259,924,1302,1496,1301,1992,1245,856,1551,1721,1339,2197,9671
20233,11650530,서초3동,25750,12651,13099,2777,3369,4322,3916,4468,6898,1443,1922,2005,1884,2138,3259,1334,1447,2317,2032,2330,3639,14565
20233,11650531,서초4동,26577,12926,13651,4743,3332,2877,4602,4876,6147,2448,1713,1303,2047,2453,2962,2295,1619,1574,2555,2423,3185,11005
20233,11650540,잠원동,26523,12794,13729,4196,3275,3497,4734,5195,5626,2188,1628,1639,2082,2619,2638,2008,1647,1858,2652,2576,2988,11449
20233,11650550,반포본동,12869,6096,6773,1787,2213,1016,1785,2967,3101,952,1066,479,670,1493,1436,835,1147,537,1115,1474,1665,4107
20233,11650560,반포1동,28508,13708,14800,4562,2729,4889,5931,4491,5906,2352,1305,2191,2783,2369,2708,2210,1424,2698,3148,2122,3198,14274
20233,11650570,반포2동,12641,5976,6665,3055,1544,996,2301,2282,2463,1538,736,439,929,1211,1123,1517,808,557,1372,1071,1340,5109
20233,11650580,반포3동,17389,8265,9124,3107,2218,1834,3191,3274,3765,1599,1117,853,1366,1650,1680,1508,1101,981,1825,1624,2085,7739
20233,11650581,반포4동,19165,9074,10091,3161,2269,2545,3307,3180,4703,1615,1137,1167,1466,1505,2184,1546,1132,1378,1841,1675,2519,7275
20233,11650590,방배본동,21003,9845,11158,2997,2940,2556,3223,4043,5244,1497,1385,1176,1392,1946,2449,1500,1555,1380,1831,2097,2795,7997
20233,11650600,방배1동,17063,8160,8903,2035,1884,2922,3047,2535,4640,1059,1013,1280,1487,1179,2142,976,871,1642,1560,1356,2498,7644
20233,11650610,방배2동,20416,9763,10653,2403,2439,3402,3304,3006,5862,1226,1277,1572,1607,1368,2713,1177,1162,1830,1697,1638,3149,8671
20233,11650620,방배3동,21866,10587,11279,2411,2735,3409,3060,3539,6712,1227,1455,1705,1420,1626,3154,1184,1280,1704,1640,1913,3558,8284
20233,11650621,방배4동,22692,10501,12191,3087,2951,3345,3775,4029,5505,1533,1342,1424,1736,1899,2567,1554,1609,1921,2039,2130,2938,9812
20233,11650651,양재1동,47758,22988,24770,8804,4536,6512,9257,6735,11914,4506,2293,3098,4476,3357,5258,4298,2243,3414,4781,3378,6656,18222
20233,11650652,양재2동,23406,11715,11691,2936,2189,4501,4623,3628,5529,1511,1142,2274,2380,1850,2558,1425,1047,2227,2243,1778,2971,10829
20233,11650660,내곡동,18416,9036,9380,3581,1529,2350,3583,2279,5094,1819,807,1118,1819,1104,2369,1762,722,1232,1764,1175,2725,7209
20233,11680510,신사동,18137,8472,9665,2230,2121,2768,3104,3062,4852,1158,1065,1193,1372,1468,2216,1072,1056,1575,1732,1594,2636,7323
20233,11680521,논현1동,23747,10982,12765,1598,1819,6239,5414,3189,5488,794,873,2732,2527,1597,2459,804,946,3507,2887,1592,3029,14400
20233,11680531,논현2동,21289,9978,11311,2207,1914,4273,4501,3089,5305,1127,1004,1798,2080,1518,2451,1080,910,2475,2421,1571,2854,11676
20233,11680545,압구정동,28557,13258,15299,4370,3214,3441,4765,4777,7990,2180,1571,1530,2100,2272,3605,2190,1643,1911,2665,2505,4385,10622
20233,11680565,청담동,30253,14353,15900,4122,3496,4561,5329,4948,7797,2167,1864,2042,2408,2299,3573,1955,1632,2519,2921,2649,4224,11801
20233,11680580,삼성1동,12969,6444,6525,1536,1706,1937,2050,2251,3489,801,1055,941,946,1050,1651,735,651,996,1104,1201,1838,5675
20233,11680590,삼성2동,29555,14126,15429,4404,3483,4429,6173,5279,5787,2328,1943,1910,2634,2651,2660,2076,1540,2519,3539,2628,3127,13439
20233,11680600,대치1동,24865,12437,12428,4090,5027,2014,3011,6046,4677,2273,2726,939,1171,2994,2334,1817,2301,1075,1840,3052,2343,7380
20233,11680610,대치2동,40398,20450,19948,4638,8163,4534,4366,9272,9425,2599,4711,2272,1768,4369,4731,2039,3452,2262,2598,4903,4694,12986
20233,11680630,대치4동,20756,9812,10944,1732,3513,3550,3669,4333,3959,926,1833,1564,1593,2032,1864,806,1680,1986,2076,2301,2095,10328
20233,11680640,역삼1동,35231,16873,18358,2250,2975,9999,8129,4726,7152,1125,1362,4509,3968,2513,3396,1125,1613,5490,4161,2213,3756,23983
20233,11680650,역삼2동,36291,17132,19159,5899,5027,4745,6988,7068,6564,3103,2358,2043,3002,3598,3028,2796,2669,2702,3986,3470,3536,15675
20233,11680655,도곡1동,21644,10277,11367,3153,2714,3349,3405,3672,5351,1522,1327,1533,1560,1761,2574,1631,1387,1816,1845,1911,2777,8661
20233,11680656,도곡2동,24138,11213,12925,4108,3805,2562,3795,5034,4834,1987,1686,1117,1609,2460,2354,2121,2119,1445,2186,2574,2480,11792
20233,11680660,개포1동,6308,3041,3267,803,957,794,712,1093,1949,411,485,375,288,506,976,392,472,419,424,587,973,2465
20233,11680670,개포2동,14194,6920,7274,1879,2386,1669,1695,2832,3733,958,1199,853,767,1299,1844,921,1187,816,928,1533,1889,8033
20233,11680690,개포4동,18031,8893,9138,2179,2374,2741,2992,3259,4486,1137,1219,1332,1505,1559,2141,1042,1155,1409,1487,1700,2345,9499
20233,11680700,세곡동,42164,20181,21983,8556,4325,5147,8093,5849,10194,4248,2146,2376,3941,2936,4534,4308,2179,2771,4152,2913,5660,17965
20233,11680720,일원본동,25466,12646,12820,4394,3697,3009,3824,4867,5675,2369,2037,1508,1648,2364,2720,2025,1660,1501,2176,2503,2955,8146
20233,11680730,일원1동,17211,8427,8784,1766,1952,2807,2464,2638,5584,921,1109,1373,1301,1241,2482,845,843,1434,1163,1397,3102,7465
20233,11680740,일원2동,15370,7351,8019,1903,1699,2134,2634,2343,4657,1007,989,1059,1308,1122,1866,896,710,1075,1326,1221,2791,7357
20233,11680750,수서동,16178,7412,8766,1442,1217,2501,2412,1739,6867,707,661,1241,1350,784,2669,735,556,1260,1062,955,4198,7876
20233,11710510,풍납1동,15603,7687,7916,1648,1601,2267,2431,2520,5136,856,822,1162,1261,1239,2347,792,779,1105,1170,1281,2789,6377
20233,11710520,풍납2동,23982,11544,12438,3437,2599,3845,4232,3662,6207,1765,1320,1733,2016,1803,2907,1672,1279,2112,2216,1859,3300,11071
20233,11710531,거여1동,11495,5902,5593,1249,1460,1484,1672,2051,3579,651,787,816,837,1052,1759,598,673,668,835,999,1820,5510
20233,11710532,거여2동,17995,8871,9124,2403,2014,2115,2930,3195,5338,1213,1043,1118,1460,1608,2429,1190,971,997,1470,1587,2909,8170
20233,11710540,마천1동,22624,11470,11154,2754,2589,2553,3421,3852,7455,1387,1321,1356,1775,2052,3579,1367,1268,1197,1646,1800,3876,8972
20233,11710550,마천2동,19813,10146,9667,2023,2254,2525,2889,3454,6668,1038,1220,1361,1545,1797,3185,985,1034,1164,1344,1657,3483,8886
20233,11710561,방이1동,16181,7874,8307,2081,2389,2216,2379,2998,4118,1049,1227,1108,1092,1412,1986,1032,1162,1108,1287,1586,2132,6317
20233,11710562,방이2동,24312,11851,12461,2598,2393,4748,4613,3624,6336,1383,1233,2280,2334,1715,2906,1215,1160,2468,2279,1909,3430,14550
20233,11710566,오륜동,19267,9403,9864,2497,3408,2086,2332,4086,4858,1310,1813,1020,919,1968,2373,1187,1595,1066,1413,2118,2485,5956
20233,11710570,오금동,36272,17898,18374,4092,4829,5417,5035,6250,10649,2131,2554,2734,2452,2926,5101,1961,2275,2683,2583,3324,5548,15693
20233,11710580,송파1동,26130,12457,13673,2738,2670,5469,4806,3752,6695,1361,1316,2514,2366,1776,3124,1377,1354,2955,2440,1976,3571,12434
20233,11710590,송파2동,21811,10629,11182,2867,3057,3149,3147,3653,5938,1502,1503,1563,1515,1731,2815,1365,1554,1586,1632,1922,3123,7647
20233,11710600,석촌동,34527,16735,17792,3778,3320,6899,6562,5157,8811,1895,1743,3243,3305,2517,4032,1883,1577,3656,3257,2640,4779,17072
20233,11710610,삼전동,33572,16157,17415,3699,3432,6552,6869,5112,7908,1897,1811,3056,3411,2426,3556,1802,1621,3496,3458,2686,4352,16326
20233,11710620,가락본동,27265,13643,13622,3259,3363,4574,4217,4638,7214,1691,1771,2249,2139,2300,3493,1568,1592,2325,2078,2338,3721,12010
20233,11710631,가락1동,735,366,369,124,100,92,114,127,178,65,61,47,57,55,81,59,39,45,57,72,97,9908
20233,11710632,가락2동,31488,15493,15995,4839,4251,4529,5003,5514,7352,2488,2197,2216,2383,2696,3513,2351,2054,2313,2620,2818,3839,12379
20233,11710641,문정1동,21688,10719,10969,2555,2597,3774,3252,3437,6073,1322,1314,1896,1647,1602,2938,1233,1283,1878,1605,1835,3135,8431
20233,11710642,문정2동,19802,9480,10322,2402,1894,3669,3390,2643,5804,1206,992,1701,1544,1247,2790,1196,902,1968,1846,1396,3014,15761
20233,11710646,장지동,32060,15550,16510,4985,3976,4238,5573,5156,8132,2532,2036,2123,2766,2453,3640,2453,1940,2115,2807,2703,4492,12080
20233,11710647,위례동,17776,8831,8945,4478,1873,1704,3874,3002,2845,2282,978,778,1848,1614,1331,2196,895,926,2026,1388,1514,9900
20233,11710650,잠실본동,29377,14001,15376,2812,3137,6035,5628,4491,7274,1468,1545,2784,2763,2143,3298,1344,1592,3251,2865,2348,3976,15419
20233,11710670,잠실2동,37790,18019,19771,8259,4848,3403,7574,7192,6514,4206,2327,1461,3208,3801,3016,4053,2521,1942,4366,3391,3498,11899
20233,11710680,잠실3동,37310,17936,19374,6137,4464,4630,6051,6002,10026,3245,2189,2144,2724,2901,4733,2892,2275,2486,3327,3101,5293,12130
20233,11710690,잠실4동,22970,11125,11845,4871,2151,2672,4593,3429,5254,2499,1125,1196,2108,1726,2471,2372,1026,1476,2485,1703,2783,7418
20233,11710710,잠실6동,16882,8015,8867,2347,2101,2356,2362,2763,4953,1158,1051,1127,1045,1265,2369,1189,1050,1229,1317,1498,2584,5983
20233,11710720,잠실7동,10540,4937,5603,1365,1486,1183,1363,1838,3305,710,663,525,600,870,1569,655,823,658,763,968,1736,3465
20233,11740515,강일동,34450,16815,17635,6574,4587,3459,5849,5563,8418,3415,2296,1719,2762,2782,3841,3159,2291,1740,3087,2781,4577,12960
20233,11740520,상일동,8782,4429,4353,890,1242,1250,1023,1606,2771,477,624,699,503,769,1357,413,618,551,520,837,1414,11601
20233,11740530,명일1동,23041,11295,11746,3304,3171,2927,3397,3918,6324,1757,1682,1471,1589,1877,2919,1547,1489,1456,1808,2041,3405,10105
20233,11740540,명일2동,18340,9201,9139,2408,2922,2336,2171,3466,5037,1304,1597,1260,930,1682,2428,1104,1325,1076,1241,1784,2609,6115
20233,11740550,고덕1동,16057,8177,7880,2594,2046,2087,2651,2709,3970,1351,1158,1101,1312,1349,1906,1243,888,986,1339,1360,2064,8800
20233,11740560,고덕2동,8110,4273,3837,665,990,1014,1001,1461,2979,336,575,590,547,777,1448,329,415,424,454,684,1531,8705
20233,11740570,암사1동,35414,17674,17740,4393,3979,5039,5979,5821,10203,2225,2145,2583,3097,2910,4714,2168,1834,2456,2882,2911,5489,16172
20233,11740580,암사2동,14123,6943,7180,2377,1353,2086,2733,2082,3492,1232,682,990,1348,1072,1619,1145,671,1096,1385,1010,1873,6352
20233,11740590,암사3동,19270,9507,9763,3668,2197,2156,3345,3154,4750,1850,1136,1096,1570,1588,2267,1818,1061,1060,1775,1566,2483,6369
20233,11740600,천호1동,28380,14072,14308,3131,3131,4142,4369,4544,9063,1604,1602,2105,2274,2242,4245,1527,1529,2037,2095,2302,4818,12913
20233,11740610,천호2동,30887,15548,15339,3270,2907,4917,5232,5018,9543,1673,1555,2454,2758,2606,4502,1597,1352,2463,2474,2412,5041,17730
20233,11740620,천호3동,21563,10905,10658,2071,1954,3683,3501,3237,7117,1055,995,1861,1924,1696,3374,1016,959,1822,1577,1541,3743,13901
20233,11740640,성내1동,19174,9373,9801,2870,2069,2870,3425,2859,5081,1481,1076,1388,1693,1398,2337,1389,993,1482,1732,1461,2744,8258
20233,11740650,성내2동,24045,11987,12058,2366,2141,4218,4151,3636,7533,1248,1071,2112,2186,1814,3556,1118,1070,2106,1965,1822,3977,12909
20233,11740660,성내3동,23172,11552,11620,2733,2585,3613,4079,3726,6436,1451,1457,1833,2091,1824,2896,1282,1128,1780,1988,1902,3540,10606
20233,11740685,길동,46207,22719,23488,5288,4863,7779,7696,6990,13591,2792,2496,3735,3964,3407,6325,2496,2367,4044,3732,3583,7266,21589
20233,11740690,둔촌1동,25,15,10,2,5,2,1,5,10,2,3,2,0,1,7,0,2,0,1,4,3,14
20233,11740700,둔촌2동,27231,13469,13762,3510,3339,4023,4101,4361,7897,1861,1709,2034,2057,2121,3687,1649,1630,1989,2044,2240,4210,11040
20232,11110515,청운효자동,13009,6104,6905,1650,1622,1661,2151,2248,3677,867,844,784,955,1046,1608,783,778,877,1196,1202,2069,5352
20232,11110530,사직동,8486,3874,4612,1113,786,1169,1409,1384,2625,577,361,520,604,627,1185,536,425,649,805,757,1440,4758
20232,11110540,삼청동,2597,1223,1374,229,258,281,394,386,1049,120,130,130,193,185,465,109,128,151,201,201,584,1340
20232,11110550,부암동,9744,4724,5020,1001,1267,1225,1322,1772,3157,543,680,643,592,825,1441,458,587,582,730,947,1716,4389
20232,11110560,평창동,17852,8516,9336,2118,2297,2227,2341,3213,5656,1118,1187,1155,1039,1418,2599,1000,1110,1072,1302,1795,3057,7519
20232,11110570,무악동,8491,4000,4491,1252,1071,886,1269,1557,2456,608,488,419,585,783,1117,644,583,467,684,774,1339,3189
20232,11110580,교남동,4425,2085,2340,413,467,580,677,750,1538,204,241,270,338,382,650,209,226,310,339,368,888,4594
20232,11110600,가회동,4350,2016,2334,404,470,553,693,753,1477,203,224,266,322,364,637,201,246,287,371,389,840,2075
20232,11110615,종로1?2?3?4가동,7051,4082,2969,384,574,927,825,1133,3208,212,185,548,492,770,1875,172,389,379,333,363,1333,5274
20232,11110630,종로5?6가동,5316,2910,2406,266,675,790,594,959,2032,124,412,444,352,525,1053,142,263,346,242,434,979,3392
20232,11110640,이화동,8190,3843,4347,648,843,1854,1215,1242,2388,299,384,876,616,604,1064,349,459,978,599,638,1324,4433
20232,11110650,혜화동,16276,8000,8276,1506,2420,3581,2208,2318,4243,757,1126,2051,1062,1139,1865,749,1294,1530,1146,1179,2378,9367
20232,11110670,창신1동,5666,3042,2624,369,535,716,683,1074,2289,187,285,414,351,592,1213,182,250,302,332,482,1076,2960
20232,11110680,창신2동,9581,4892,4689,685,1147,1280,1208,1936,3325,367,590,699,679,1015,1542,318,557,581,529,921,1783,4184
20232,11110690,창신3동,6905,3445,3460,828,790,1029,971,1162,2125,432,435,526,477,571,1004,396,355,503,494,591,1121,2911
20232,11110700,숭인1동,5812,2906,2906,619,603,775,913,1027,1875,321,312,400,477,532,864,298,291,375,436,495,1011,3038
20232,11110710,숭인2동,9149,4605,4544,589,885,1863,1298,1526,2988,310,397,903,688,831,1476,279,488,960,610,695,1512,6160
20232,11140520,소공동,1350,694,656,202,72,220,316,197,343,110,25,114,169,89,187,92,47,106,147,108,156,1130
20232,11140540,회현동,4305,2452,1853,207,250,393,504,683,2268,101,115,206,301,434,1295,106,135,187,203,249,973,3014
20232,11140550,명동,2450,1251,1199,213,167,336,373,402,959,108,78,178,185,219,483,105,89,158,188,183,476,1414
20232,11140570,필동,3851,1963,1888,290,325,680,543,572,1441,145,161,379,291,311,676,145,164,301,252,261,765,2408
20232,11140580,장충동,4951,2525,2426,397,677,1143,704,666,1364,215,303,674,375,328,630,182,374,469,329,338,734,2753
20232,11140590,광희동,4896,2555,2341,318,334,794,651,728,2071,148,164,407,354,416,1066,170,170,387,297,312,1005,3279
20232,11140605,을지로동,1457,902,555,51,75,149,135,252,795,22,38,84,83,173,502,29,37,65,52,79,293,1504
20232,11140615,신당동,7105,3650,3455,540,754,1229,1015,1309,2258,267,389,665,552,688,1089,273,365,564,463,621,1169,4635
20232,11140625,다산동,15434,7528,7906,1383,1704,2630,2409,2540,4768,712,870,1357,1227,1239,2123,671,834,1273,1182,1301,2645,6915
20232,11140635,약수동,18461,8880,9581,2212,1575,2518,3058,2790,6308,1100,828,1233,1539,1386,2794,1112,747,1285,1519,1404,3514,7802
20232,11140645,청구동,15318,7367,7951,1734,1546,2347,2395,2405,4891,893,793,1132,1195,1181,2173,841,753,1215,1200,1224,2718,6400
20232,11140650,신당5동,9927,4942,4985,1104,994,1371,1634,1774,3050,552,525,699,855,943,1368,552,469,672,779,831,1682,5386
20232,11140665,동화동,11648,5670,5978,1522,1304,1598,1818,1976,3430,769,677,788,883,953,1600,753,627,810,935,1023,1830,4170
20232,11140670,황학동,11965,5958,6007,1385,963,2246,2181,1768,3422,698,476,1066,1137,925,1656,687,487,1180,1044,843,1766,6918
20232,11140680,중림동,8328,4194,4134,918,764,1160,1372,1305,2809,475,373,558,722,716,1350,443,391,602,650,589,1459,5647
20232,11170510,후암동,18208,8969,9239,2015,1972,2636,2985,3073,5527,1040,1052,1383,1512,1529,2453,975,920,1253,1473,1544,3074,8724
20232,11170520,용산2가동,10876,5217,5659,893,1039,1745,1729,1648,3822,458,539,883,886,784,1667,435,500,862,843,864,2155,5384
20232,11170530,남영동,6632,4176,2456,322,446,947,936,1284,2697,173,237,521,597,909,1739,149,209,426,339,375,958,5384
20232,11170555,청파동,20375,9946,10429,1731,2582,3918,3102,3294,5748,910,1180,1902,1602,1683,2669,821,1402,2016,1500,1611,3079,11102
20232,11170560,원효로1동,12933,6357,6576,1938,1068,2279,2568,1818,3262,1013,525,1076,1313,917,1513,925,543,1203,1255,901,1749,8035
20232,11170570,원효로2동,14528,6847,7681,2051,1649,1837,2358,2456,4177,931,769,875,1160,1214,1898,1120,880,962,1198,1242,2279,6038
20232,11170580,효창동,9063,4417,4646,1115,1085,1323,1473,1510,2557,592,587,651,730,712,1145,523,498,672,743,798,1412,4373
20232,11170590,용문동,12606,6091,6515,1722,1299,1706,2177,2048,3654,882,671,819,1076,1027,1616,840,628,887,1101,1021,2038,5438
20232,11170625,한강로동,12463,6247,6216,1395,935,2030,2008,1870,4225,741,498,1023,1009,977,1999,654,437,1007,999,893,2226,10405
20232,11170630,이촌1동,28057,13052,15005,5075,2937,2903,4654,4970,7518,2558,1454,1305,2014,2404,3317,2517,1483,1598,2640,2566,4201,10344
20232,11170640,이촌2동,9521,4519,5002,1174,837,1312,1495,1432,3271,610,425,654,759,695,1376,564,412,658,736,737,1895,3847
20232,11170650,이태원1동,7126,3341,3785,560,555,1173,1068,1102,2668,285,287,601,530,523,1115,275,268,572,538,579,1553,3935
20232,11170660,이태원2동,9481,4373,5108,930,742,1547,1581,1419,3262,440,375,776,760,667,1355,490,367,771,821,752,1907,5025
20232,11170685,한남동,19536,9359,10177,1920,1460,3328,3596,3130,6102,1005,748,1632,1808,1500,2666,915,712,1696,1788,1630,3436,11412
20232,11170690,서빙고동,13291,6439,6852,1679,1939,1402,1894,2766,3611,855,993,707,857,1382,1645,824,946,695,1037,1384,1966,5326
20232,11170700,보광동,14985,7317,7668,1066,1497,2402,2364,2654,5002,596,815,1331,1196,1287,2092,470,682,1071,1168,1367,2910,7784
20232,11200520,왕십리2동,16917,8349,8568,2121,1846,2582,2768,2785,4815,1093,941,1274,1385,1396,2260,1028,905,1308,1383,1389,2555,7629
20232,11200535,왕십리도선동,19658,9555,10103,2678,2046,3178,3237,3096,5423,1364,1018,1521,1636,1479,2537,1314,1028,1657,1601,1617,2886,12023
20232,11200540,마장동,22343,11095,11248,2462,2721,3815,3188,3593,6564,1263,1355,1924,1635,1782,3136,1199,1366,1891,1553,1811,3428,10912
20232,11200550,사근동,10998,5707,5291,896,1758,3048,1337,1335,2624,443,858,1808,730,663,1205,453,900,1240,607,672,1419,7801
20232,11200560,행당1동,11784,5756,6028,1398,1245,1890,1928,1848,3475,699,632,954,959,889,1623,699,613,936,969,959,1852,6455
20232,11200570,행당2동,26603,12624,13979,4305,2910,3267,4864,4419,6838,2090,1379,1526,2335,2194,3100,2215,1531,1741,2529,2225,3738,9483
20232,11200580,응봉동,16178,7777,8401,2485,1830,1822,2932,2775,4334,1296,891,892,1385,1351,1962,1189,939,930,1547,1424,2372,6128
20232,11200590,금호1가동,13659,6614,7045,1665,1480,1721,2265,2297,4231,863,775,839,1143,1133,1861,802,705,882,1122,1164,2370,6713
20232,11200615,금호2?3가동,24420,11838,12582,3394,2362,3538,4495,3775,6856,1753,1209,1695,2258,1879,3044,1641,1153,1843,2237,1896,3812,10318
20232,11200620,금호4가동,14290,6889,7401,2194,1207,1947,2840,2176,3926,1128,622,917,1408,1088,1726,1066,585,1030,1432,1088,2200,6460
20232,11200645,옥수동,23133,10990,12143,3782,1902,3462,4480,3298,6209,1913,951,1584,2193,1551,2798,1869,951,1878,2287,1747,3411,11091
20232,11200650,성수1가1동,16029,8118,7911,1966,1860,2624,2576,2819,4184,1012,950,1354,1337,1425,2040,954,910,1270,1239,1394,2144,7671
20232,11200660,성수1가2동,14754,7371,7383,1728,1466,2718,2652,2255,3935,872,753,1333,1368,1145,1900,856,713,1385,1284,1110,2035,6504
20232,11200670,성수2가1동,18477,9577,8900,1853,1802,2902,2880,3225,5815,953,934,1543,1525,1710,2912,900,868,1359,1355,1515,2903,8455
20232,11200690,성수2가3동,10873,5654,5219,1104,970,1910,1775,1636,3478,553,503,971,966,898,1763,551,467,939,809,738,1715,5700
20232,11200720,송정동,11173,5944,5229,1053,1140,1765,1774,2006,3435,560,610,960,987,1105,1722,493,530,805,787,901,1713,5572
20232,11200790,용답동,15032,8020,7012,1151,1595,2406,2327,2793,4760,598,803,1230,1375,1598,2416,553,792,1176,952,1195,2344,6872
20232,11215710,화양동,20588,9881,10707,1020,2793,7469,2922,2219,4165,503,1119,3571,1567,1192,1929,517,1674,3898,1355,1027,2236,17039
20232,11215730,군자동,19686,9799,9887,1819,2103,4378,3226,2831,5329,968,1035,2197,1686,1417,2496,851,1068,2181,1540,1414,2833,11155
20232,11215740,중곡1동,15381,7635,7746,1457,1449,2971,2559,2452,4493,748,732,1460,1344,1224,2127,709,717,1511,1215,1228,2366,8508
20232,11215750,중곡2동,22019,10734,11285,2425,2400,4114,3616,3541,5923,1229,1262,1979,1803,1697,2764,1196,1138,2135,1813,1844,3159,10545
20232,11215760,중곡3동,17505,8683,8822,1756,1971,2854,2693,3080,5151,924,1001,1438,1425,1508,2387,832,970,1416,1268,1572,2764,8551
20232,11215770,중곡4동,30966,15309,15657,3319,3868,4677,4730,5372,9000,1758,1991,2345,2467,2625,4123,1561,1877,2332,2263,2747,4877,13163
20232,11215780,능동,11129,5278,5851,1112,941,2823,2137,1384,2732,584,469,1231,1106,666,1222,528,472,1592,1031,718,1510,6510
20232,11215810,광장동,33732,16406,17326,6320,5294,3153,5481,7151,6333,3233,2695,1550,2302,3584,3042,3087,2599,1603,3179,3567,3291,12065
20232,11215820,자양1동,21955,10732,11223,2070,2420,4128,3711,3540,6086,1088,1212,2004,1914,1724,2790,982,1208,2124,1797,1816,3296,11855
20232,11215830,자양2동,25781,12705,13076,3262,2913,3872,4448,4108,7178,1679,1548,1894,2241,1973,3370,1583,1365,1978,2207,2135,3808,11214
20232,11215840,자양3동,28608,13914,14694,4412,3346,4084,4620,4654,7492,2219,1737,1964,2193,2223,3578,2193,1609,2120,2427,2431,3914,11170
20232,11215847,자양4동,19042,9519,9523,1506,1813,3243,2917,3187,6376,732,922,1643,1549,1658,3015,774,891,1600,1368,1529,3361,9474
20232,11215850,구의1동,22151,10602,11549,1890,2386,4797,3917,3382,5779,968,1141,2265,1961,1659,2608,922,1245,2532,1956,1723,3171,12108
20232,11215860,구의2동,24579,12042,12537,3043,2860,3561,4059,4068,6988,1592,1424,1794,2057,1965,3210,1451,1436,1767,2002,2103,3778,11685
20232,11215870,구의3동,28444,13740,14704,3622,3641,4596,4446,4826,7313,1822,1861,2233,2150,2256,3418,1800,1780,2363,2296,2570,3895,12201
20232,11230536,용신동,25063,12915,12148,2205,2280,4500,4017,3756,8305,1155,1205,2335,2138,2024,4058,1050,1075,2165,1879,1732,4247,18390
20232,11230545,제기동,23990,12234,11756,2266,2361,4044,3366,3491,8462,1166,1216,2284,1793,1871,3904,1100,1145,1760,1573,1620,4558,13286
20232,11230560,전농1동,28613,14345,14268,3230,3245,3923,4404,4626,9185,1642,1644,2036,2312,2391,4320,1588,1601,1887,2092,2235,4865,15185
20232,11230570,전농2동,20201,9804,10397,2686,2399,2403,3092,3444,6177,1368,1207,1236,1448,1696,2849,1318,1192,1167,1644,1748,3328,7805
20232,11230600,답십리1동,23777,11657,12120,3389,2404,3527,4216,3690,6551,1695,1232,1692,2164,1865,3009,1694,1172,1835,2052,1825,3542,12898
20232,11230610,답십리2동,29117,14305,14812,3440,3148,3823,4553,4911,9242,1692,1623,1962,2308,2479,4241,1748,1525,1861,2245,2432,5001,12848
20232,11230650,장안1동,36646,18353,18293,4657,3484,5627,6449,5590,10839,2384,1777,2830,3330,2847,5185,2273,1707,2797,3119,2743,5654,18258
20232,11230660,장안2동,29924,15093,14831,4640,3083,3655,5514,4813,8219,2426,1668,1858,2780,2512,3849,2214,1415,1797,2734,2301,4370,14016
20232,11230705,청량리동,19581,9755,9826,1814,1839,2592,2589,2921,7826,920,941,1387,1357,1495,3655,894,898,1205,1232,1426,4171,10036
20232,11230710,회기동,10009,4828,5181,924,1400,2490,1481,1244,2470,458,600,1326,737,629,1078,466,800,1164,744,615,1392,6296
20232,11230720,휘경1동,12887,6407,6480,973,1597,2619,1873,1939,3886,504,751,1338,1015,1028,1771,469,846,1281,858,911,2115,7186
20232,11230730,휘경2동,23906,11788,12118,2807,3382,4055,3533,3700,6429,1440,1548,2249,1775,1815,2961,1367,1834,1806,1758,1885,3468,11851
20232,11230740,이문1동,18250,9095,9155,1619,2576,3826,2437,2697,5095,848,1197,2165,1243,1339,2303,771,1379,1661,1194,1358,2792,10572
20232,11230750,이문2동,21209,10388,10821,2844,2490,2749,3259,3588,6279,1441,1241,1392,1634,1798,2882,1403,1249,1357,1625,1790,3397,8712
20232,11260520,면목2동,26072,13121,12951,2731,2813,3655,4071,4848,7954,1382,1459,1867,2186,2498,3729,1349,1354,1788,1885,2350,4225,12298
20232,11260540,면목4동,20660,10452,10208,2286,2141,2878,3493,3359,6503,1220,1129,1487,1887,1732,2997,1066,1012,1391,1606,1627,3506,8959
20232,11260550,면목5동,9670,4934,4736,1070,1044,1436,1407,1739,2974,538,530,759,724,921,1462,532,514,677,683,818,1512,6602
20232,11260565,면목본동,34196,17176,17020,3236,3752,5530,5402,5922,10354,1623,1953,2849,2900,2989,4862,1613,1799,2681,2502,2933,5492,17765
20232,11260570,면목7동,22266,11109,11157,2282,2236,3376,3406,3605,7361,1175,1174,1710,1788,1788,3474,1107,1062,1666,1618,1817,3887,10708
20232,11260575,면목3?8동,24806,12457,12349,2326,2716,3720,3684,4331,8029,1195,1402,1910,2000,2216,3734,1131,1314,1810,1684,2115,4295,12759
20232,11260580,상봉1동,25886,12691,13195,3534,3345,3605,3787,4419,7196,1810,1754,1808,1849,2134,3336,1724,1591,1797,1938,2285,3860,10297
20232,11260590,상봉2동,17233,8600,8633,1520,1615,3519,2776,2688,5115,780,828,1688,1478,1360,2466,740,787,1831,1298,1328,2649,11702
20232,11260600,중화1동,20211,10001,10210,2457,2150,3204,3196,3007,6197,1232,1132,1602,1691,1439,2905,1225,1018,1602,1505,1568,3292,9121
20232,11260610,중화2동,26132,13508,12624,2069,2584,3831,3728,4729,9191,1095,1342,1977,2062,2518,4514,974,1242,1854,1666,2211,4677,13880
20232,11260620,묵1동,34443,16890,17553,4401,3952,4968,5576,5564,9982,2230,2026,2446,2807,2715,4666,2171,1926,2522,2769,2849,5316,14972
20232,11260630,묵2동,18734,9263,9471,2094,1899,2985,3167,2866,5723,1112,950,1458,1657,1452,2634,982,949,1527,1510,1414,3089,9338
20232,11260655,망우본동,31010,15654,15356,3103,3483,4551,4513,5212,10148,1569,1822,2309,2461,2582,4911,1534,1661,2242,2052,2630,5237,15073
20232,11260660,망우3동,17398,8668,8730,1738,2131,2406,2443,3186,5494,870,1058,1218,1266,1632,2624,868,1073,1188,1177,1554,2870,8431
20232,11260680,신내1동,40914,20056,20858,6648,4755,5111,6509,6210,11681,3373,2477,2551,3242,2962,5451,3275,2278,2560,3267,3248,6230,14806
20232,11260690,신내2동,23997,11640,12357,3218,2732,3114,3835,3977,7121,1630,1444,1546,1918,1889,3213,1588,1288,1568,1917,2088,3908,9076
20232,11290525,성북동,16414,7796,8618,1579,1848,2708,2549,2769,4961,797,935,1242,1239,1354,2229,782,913,1466,1310,1415,2732,8225
20232,11290555,삼선동,23746,11430,12316,2589,2860,4002,3808,3927,6560,1354,1390,1926,1883,1945,2932,1235,1470,2076,1925,1982,3628,11689
20232,11290575,동선동,15848,6935,8913,1341,2137,3951,2371,2138,3910,681,763,1593,1133,1055,1710,660,1374,2358,1238,1083,2200,9347
20232,11290580,돈암1동,15258,7224,8034,1888,1849,2056,2245,2634,4586,921,866,1014,1106,1264,2053,967,983,1042,1139,1370,2533,6236
20232,11290590,돈암2동,23961,11574,12387,4048,2979,2755,3902,4333,5944,2071,1500,1339,1806,2116,2742,1977,1479,1416,2096,2217,3202,8735
20232,11290600,안암동,5435,2811,2624,330,892,1483,672,719,1339,176,429,845,380,361,620,154,463,638,292,358,719,9202
20232,11290610,보문동,12473,6081,6392,1213,1405,2252,1975,2071,3557,591,696,1156,1020,1003,1615,622,709,1096,955,1068,1942,7827
20232,11290620,정릉1동,18977,9182,9795,2796,2165,2373,3198,3103,5342,1408,1089,1150,1555,1543,2437,1388,1076,1223,1643,1560,2905,7502
20232,11290630,정릉2동,23438,11571,11867,3071,2676,2870,3742,3830,7249,1624,1418,1474,1913,1850,3292,1447,1258,1396,1829,1980,3957,9882
20232,11290640,정릉3동,14792,7539,7253,1392,1922,2397,1957,2172,4952,714,941,1392,1077,1134,2281,678,981,1005,880,1038,2671,8011
20232,11290650,정릉4동,27377,13341,14036,3860,2957,3266,4707,4438,8149,2020,1513,1585,2342,2190,3691,1840,1444,1681,2365,2248,4458,10979
20232,11290660,길음1동,38001,18312,19689,7850,4026,3908,7782,6374,8061,4019,1976,1818,3614,3309,3576,3831,2050,2090,4168,3065,4485,12775
20232,11290685,길음2동,11218,5450,5768,1546,1263,1443,1825,1820,3321,822,621,713,867,906,1521,724,642,730,958,914,1800,7118
20232,11290705,종암동,38996,19364,19632,5488,4454,5569,6271,6351,10863,2860,2340,2961,3093,3197,4913,2628,2114,2608,3178,3154,5950,17435
20232,11290715,월곡1동,27636,13410,14226,4482,2793,3066,4939,4478,7878,2261,1372,1473,2418,2328,3558,2221,1421,1593,2521,2150,4320,10916
20232,11290725,월곡2동,20500,10126,10374,2445,2460,3008,3096,3271,6220,1287,1130,1512,1583,1677,2937,1158,1330,1496,1513,1594,3283,9615
20232,11290760,장위1동,20012,9937,10075,1962,2514,2675,2679,3652,6530,981,1290,1447,1432,1779,3008,981,1224,1228,1247,1873,3522,9162
20232,11290770,장위2동,14714,7306,7408,1404,1671,1801,2020,2617,5201,706,851,942,1072,1335,2400,698,820,859,948,1282,2801,6593
20232,11290780,장위3동,10387,5220,5167,1296,1210,1144,1556,1821,3360,619,633,618,780,925,1645,677,577,526,776,896,1715,7094
20232,11290810,석관동,33174,16605,16569,3595,3475,4707,5103,5353,10941,1909,1782,2439,2652,2662,5161,1686,1693,2268,2451,2691,5780,16697
20232,11305534,삼양동,26436,13157,13279,3148,3040,3261,4035,4517,8435,1638,1597,1697,2053,2303,3869,1510,1443,1564,1982,2214,4566,11377
20232,11305535,미아동,22868,11145,11723,1933,2521,3584,3363,3789,7678,1015,1224,1797,1749,1857,3503,918,1297,1787,1614,1932,4175,11775
20232,11305545,송중동,27542,13534,14008,2493,2865,3972,4095,4467,9650,1248,1472,2018,2155,2231,4410,1245,1393,1954,1940,2236,5240,14073
20232,11305555,송천동,28896,14419,14477,2573,3034,3889,4131,4974,10295,1292,1579,2046,2195,2534,4773,1281,1455,1843,1936,2440,5522,13795
20232,11305575,삼각산동,34820,16934,17886,6502,4223,3366,6521,6212,7996,3342,2166,1623,3059,3190,3554,3160,2057,1743,3462,3022,4442,11742
20232,11305595,번1동,19824,9799,10025,1760,2113,3156,3264,3217,6314,899,1067,1518,1704,1706,2905,861,1046,1638,1560,1511,3409,10476
20232,11305603,번2동,18104,8873,9231,1653,2107,2237,2680,2937,6490,885,1082,1201,1424,1447,2834,768,1025,1036,1256,1490,3656,7659
20232,11305608,번3동,20018,9619,10399,2252,2218,2115,3185,2975,7273,1117,1146,1078,1672,1510,3096,1135,1072,1037,1513,1465,4177,7579
20232,11305615,수유1동,21607,10731,10876,2108,2388,3053,3176,3458,7424,1059,1240,1560,1732,1726,3414,1049,1148,1493,1444,1732,4010,10452
20232,11305625,수유2동,21671,10645,11026,2250,2363,2768,3154,3533,7603,1181,1238,1447,1640,1732,3407,1069,1125,1321,1514,1801,4196,9731
20232,11305635,수유3동,23645,11828,11817,1845,2403,4077,3561,3875,7884,959,1241,2116,1938,1919,3655,886,1162,1961,1623,1956,4229,12998
20232,11305645,우이동,20289,9917,10372,2233,2224,2519,2821,3343,7149,1175,1141,1283,1478,1597,3243,1058,1083,1236,1343,1746,3906,9647
20232,11305660,인수동,31270,15275,15995,3143,3363,4091,4467,5030,11176,1592,1736,2052,2375,2476,5044,1551,1627,2039,2092,2554,6132,14563
20232,11320511,창1동,27262,13230,14032,3617,3206,3531,4409,4694,7805,1860,1652,1782,2175,2247,3514,1757,1554,1749,2234,2447,4291,10877
20232,11320512,창2동,30878,15185,15693,3843,3633,4318,4966,5113,9005,1965,1862,2162,2495,2507,4194,1878,1771,2156,2471,2606,4811,12458
20232,11320513,창3동,15312,7693,7619,1669,1834,1857,2287,2697,4968,878,972,971,1196,1384,2292,791,862,886,1091,1313,2676,6654
20232,11320514,창4동,30025,14596,15429,4109,4023,3748,4464,5511,8170,2152,2064,1872,2108,2598,3802,1957,1959,1876,2356,2913,4368,10753
20232,11320515,창5동,26631,12984,13647,3271,3232,3858,3912,4352,8006,1702,1629,1938,1925,2062,3728,1569,1603,1920,1987,2290,4278,10266
20232,11320521,도봉1동,22048,11169,10879,1818,2320,2697,2993,3551,8669,904,1233,1422,1656,1809,4145,914,1087,1275,1337,1742,4524,10426
20232,11320522,도봉2동,28223,13937,14286,3390,2634,3489,4214,4086,10410,1726,1394,1775,2173,2039,4830,1664,1240,1714,2041,2047,5580,12123
20232,11320660,쌍문1동,21760,10668,11092,2427,2677,2694,3142,3625,7195,1213,1350,1389,1584,1800,3332,1214,1327,1305,1558,1825,3863,9441
20232,11320670,쌍문2동,20146,9775,10371,2204,2424,2861,2911,3259,6487,1176,1244,1442,1500,1510,2903,1028,1180,1419,1411,1749,3584,8673
20232,11320680,쌍문3동,17430,8515,8915,1800,1828,2656,2751,2735,5660,931,905,1345,1417,1329,2588,869,923,1311,1334,1406,3072,7896
20232,11320681,쌍문4동,19452,9326,10126,2432,2700,2553,2599,3529,5639,1229,1398,1280,1226,1594,2599,1203,1302,1273,1373,1935,3040,7196
20232,11320690,방학1동,30854,15417,15437,3224,3696,4158,4289,5280,10207,1663,1955,2183,2178,2572,4866,1561,1741,1975,2111,2708,5341,12737
20232,11320700,방학2동,21677,10994,10683,2110,2751,2631,3002,3910,7273,1106,1472,1462,1560,2031,3363,1004,1279,1169,1442,1879,3910,9509
20232,11320710,방학3동,29657,14581,15076,4025,3818,3768,3973,5190,8883,2139,2076,1997,1817,2460,4092,1886,1742,1771,2156,2730,4791,10068
20232,11350560,월계1동,22187,11501,10686,2539,2913,3278,3481,3279,6697,1335,1638,1885,1788,1680,3175,1204,1275,1393,1693,1599,3522,10472
20232,11350570,월계2동,27157,13216,13941,3177,3122,3156,4213,4316,9173,1641,1628,1641,2160,2150,3996,1536,1494,1515,2053,2166,5177,12063
20232,11350580,월계3동,33913,16450,17463,5036,3197,4541,6012,4908,10219,2626,1606,2221,3107,2411,4479,2410,1591,2320,2905,2497,5740,13009
20232,11350595,공릉1동,37367,18304,19063,4148,4580,6357,5940,5545,10797,2105,2294,3206,3136,2689,4874,2043,2286,3151,2804,2856,5923,18300
20232,11350600,공릉2동,41090,20272,20818,6353,5977,5335,6608,7025,9792,3320,3039,2713,3149,3479,4572,3033,2938,2622,3459,3546,5220,16502
20232,11350611,하계1동,28983,13931,15052,2847,4968,3638,3407,5803,8320,1505,2772,1885,1579,2673,3517,1342,2196,1753,1828,3130,4803,11662
20232,11350612,하계2동,25187,12199,12988,3486,4080,2831,3578,4960,6252,1760,2161,1422,1638,2389,2829,1726,1919,1409,1940,2571,3423,8303
20232,11350619,중계본동,26352,12942,13410,3558,5239,2411,3145,6230,5769,1842,2723,1217,1296,3019,2845,1716,2516,1194,1849,3211,2924,8624
20232,11350621,중계1동,29087,14266,14821,4415,6089,2226,3616,7437,5304,2328,3239,1127,1411,3640,2521,2087,2850,1099,2205,3797,2783,9073
20232,11350624,중계4동,21511,10572,10939,2500,3261,2309,2993,4116,6332,1282,1784,1215,1483,2019,2789,1218,1477,1094,1510,2097,3543,8476
20232,11350625,중계2?3동,39546,18598,20948,4960,5095,4465,6352,6653,12021,2503,2573,2151,3185,3236,4950,2457,2522,2314,3167,3417,7071,15408
20232,11350630,상계1동,41426,20305,21121,5034,5397,5434,5915,7150,12496,2566,2815,2742,2889,3376,5917,2468,2582,2692,3026,3774,6579,15655
20232,11350640,상계2동,21559,10678,10881,2127,3175,3037,2911,3967,6342,1095,1638,1513,1456,1933,3043,1032,1537,1524,1455,2034,3299,8798
20232,11350665,상계3?4동,27744,13900,13844,2709,3226,3167,3815,4781,10046,1431,1707,1728,2001,2427,4606,1278,1519,1439,1814,2354,5440,12221
20232,11350670,상계5동,27306,13262,14044,2786,3621,3429,3830,4865,8775,1423,1875,1758,1919,2321,3966,1363,1746,1671,1911,2544,4809,11023
20232,11350695,상계6?7동,36633,17204,19429,5656,4492,4867,6353,6329,8936,2927,2243,2224,3002,2966,3842,2729,2249,2643,3351,3363,5094,13946
20232,11350700,상계8동,26740,12933,13807,5513,2878,3711,5618,3861,5159,2805,1459,1721,2843,1900,2205,2708,1419,1990,2775,1961,2954,9169
20232,11350710,상계9동,23749,11462,12287,3382,3222,2912,3781,4282,6170,1716,1716,1470,1815,2010,2735,1666,1506,1442,1966,2272,3435,8424
20232,11350720,상계10동,17781,8304,9477,2305,2357,2702,2817,3063,4537,1154,1184,1289,1353,1372,1952,1151,1173,1413,1464,1691,2585,7083
20232,11380510,녹번동,31623,15331,16292,3678,3162,4485,5312,4992,9994,1884,1621,2222,2710,2464,4430,1794,1541,2263,2602,2528,5564,17479
20232,11380520,불광1동,42306,20267,22039,5382,4366,5798,7094,6778,12888,2794,2171,2804,3533,3253,5712,2588,2195,2994,3561,3525,7176,17969
20232,11380530,불광2동,28518,13988,14530,2560,3172,4121,4223,4748,9694,1305,1684,2125,2221,2273,4380,1255,1488,1996,2002,2475,5314,13956
20232,11380551,갈현1동,24611,12052,12559,2292,3101,3666,3565,4136,7851,1223,1625,1865,1832,1961,3546,1069,1476,1801,1733,2175,4305,11152
20232,11380552,갈현2동,28906,13918,14988,3305,3904,4085,4659,4908,8045,1750,1932,1942,2403,2341,3550,1555,1972,2143,2256,2567,4495,12643
20232,11380560,구산동,31839,15538,16301,3849,3954,4135,4934,5329,9638,1942,1952,2040,2500,2529,4575,1907,2002,2095,2434,2800,5063,13401
20232,11380570,대조동,30107,14301,15806,2977,3148,5110,5026,4726,9120,1475,1483,2414,2562,2278,4089,1502,1665,2696,2464,2448,5031,14312
20232,11380580,응암1동,25166,12072,13094,3278,2619,3603,4603,4015,7048,1699,1317,1680,2255,1992,3129,1579,1302,1923,2348,2023,3919,14058
20232,11380590,응암2동,17038,8318,8720,2981,1761,1907,3498,2632,4259,1547,936,911,1739,1293,1892,1434,825,996,1759,1339,2367,11005
20232,11380600,응암3동,26254,12910,13344,2464,2854,3674,3863,4363,9036,1261,1554,1904,1988,2195,4008,1203,1300,1770,1875,2168,5028,12765
20232,11380625,역촌동,48771,23402,25369,5902,5653,6743,8522,7962,13989,2972,2820,3208,4308,3862,6232,2930,2833,3535,4214,4100,7757,20857
20232,11380631,신사1동,27669,13490,14179,3156,3143,4051,4591,4453,8275,1587,1715,1982,2333,2116,3757,1569,1428,2069,2258,2337,4518,11838
20232,11380632,신사2동,21138,10605,10533,2514,2602,2786,3284,3570,6382,1315,1423,1464,1686,1754,2963,1199,1179,1322,1598,1816,3419,9044
20232,11380640,증산동,15115,7497,7618,1579,1677,2052,2304,2451,5052,803,873,1060,1169,1221,2371,776,804,992,1135,1230,2681,6891
20232,11380650,수색동,7827,3932,3895,877,836,1055,1124,1275,2660,483,431,547,608,651,1212,394,405,508,516,624,1448,4737
20232,11380690,진관동,50293,24088,26205,9460,5815,5293,8934,8416,12375,4908,2853,2404,3982,4302,5639,4552,2962,2889,4952,4114,6736,21642
20232,11410520,천연동,19842,9532,10310,3033,2060,2372,3235,3313,5829,1558,1023,1175,1571,1673,2532,1475,1037,1197,1664,1640,3297,8016
20232,11410555,북아현동,9826,4812,5014,1004,1068,1525,1489,1665,3075,514,540,785,784,846,1343,490,528,740,705,819,1732,7469
20232,11410565,충현동,17627,8593,9034,1572,2042,2756,2515,3009,5733,769,1074,1368,1276,1519,2587,803,968,1388,1239,1490,3146,10379
20232,11410585,신촌동,17521,8062,9459,1229,2308,5614,2464,2053,3853,632,873,2618,1206,1016,1717,597,1435,2996,1258,1037,2136,13316
20232,11410615,연희동,37904,18494,19410,3647,4374,7331,5594,5889,11069,1895,2169,3864,2708,2877,4981,1752,2205,3467,2886,3012,6088,18862
20232,11410620,홍제1동,22602,10762,11840,2776,2531,2963,3572,3744,7016,1371,1283,1489,1756,1782,3081,1405,1248,1474,1816,1962,3935,10489
20232,11410640,홍제3동,16314,7937,8377,1634,1940,2093,2233,2871,5543,830,976,1066,1173,1425,2467,804,964,1027,1060,1446,3076,7117
20232,11410655,홍제2동,15218,7313,7905,1849,1665,2078,2158,2566,4902,946,868,1000,1057,1236,2206,903,797,1078,1101,1330,2696,5908
20232,11410660,홍은1동,20855,10192,10663,2334,2487,2575,2882,3594,6983,1186,1254,1293,1475,1790,3194,1148,1233,1282,1407,1804,3789,9716
20232,11410685,홍은2동,27823,13595,14228,3027,3440,3942,4030,4756,8628,1554,1749,2019,2026,2348,3899,1473,1691,1923,2004,2408,4729,12304
20232,11410690,남가좌1동,15986,7764,8222,3613,1451,1914,3347,2318,3343,1820,732,865,1662,1140,1545,1793,719,1049,1685,1178,1798,5889
20232,11410700,남가좌2동,22912,11218,11694,2675,2758,3108,3356,3901,7114,1372,1377,1643,1683,1947,3196,1303,1381,1465,1673,1954,3918,13308
20232,11410710,북가좌1동,19466,9500,9966,2972,2129,2395,3338,3264,5368,1553,1088,1137,1631,1619,2472,1419,1041,1258,1707,1645,2896,6990
20232,11410720,북가좌2동,34442,16874,17568,3869,4097,4698,5514,5653,10611,1973,2129,2393,2773,2762,4844,1896,1968,2305,2741,2891,5767,14785
20232,11440555,아현동,21498,10283,11215,3593,1913,3580,4177,3151,5084,1763,938,1576,2144,1523,2339,1830,975,2004,2033,1628,2745,10610
20232,11440565,공덕동,37133,17847,19286,4236,3991,6100,5899,6297,10610,2150,2001,2849,2996,3082,4769,2086,1990,3251,2903,3215,5841,18628
20232,11440585,도화동,22198,10672,11526,2826,2195,3578,3624,3429,6546,1483,1108,1673,1789,1681,2938,1343,1087,1905,1835,1748,3608,9539
20232,11440590,용강동,20469,9899,10570,3636,1857,2689,4072,3287,4928,1833,928,1278,1973,1677,2210,1803,929,1411,2099,1610,2718,9300
20232,11440600,대흥동,11549,5625,5924,845,1412,2592,1756,1685,3259,449,613,1293,895,883,1492,396,799,1299,861,802,1767,8385
20232,11440610,염리동,10246,4948,5298,1166,1185,1553,1624,1736,2982,593,580,779,802,870,1324,573,605,774,822,866,1658,5677
20232,11440630,신수동,21438,10501,10937,3041,2322,3282,3756,3424,5613,1548,1206,1657,1848,1724,2518,1493,1116,1625,1908,1700,3095,10213
20232,11440655,서강동,25284,12138,13146,3495,2763,4810,4670,3801,5745,1818,1303,2319,2232,1823,2643,1677,1460,2491,2438,1978,3102,11619
20232,11440660,서교동,24372,11344,13028,1920,2278,6226,4724,3321,5903,1003,1009,2800,2285,1611,2636,917,1269,3426,2439,1710,3267,14891
20232,11440680,합정동,18775,8925,9850,2120,1885,4100,3414,2504,4752,1109,899,1831,1748,1216,2122,1011,986,2269,1666,1288,2630,10285
20232,11440690,망원1동,21608,10430,11178,2221,2223,3839,3893,3391,6041,1169,1114,1791,1949,1707,2700,1052,1109,2048,1944,1684,3341,10513
20232,11440700,망원2동,19167,9232,9935,2519,2088,2843,3574,3054,5089,1272,1075,1314,1729,1549,2293,1247,1013,1529,1845,1505,2796,8571
20232,11440710,연남동,17597,8305,9292,1567,1653,3875,3287,2455,4760,785,802,1810,1626,1193,2089,782,851,2065,1661,1262,2671,8854
20232,11440720,성산1동,19859,9469,10390,2122,2145,3293,3713,3276,5310,1066,1134,1533,1780,1581,2375,1056,1011,1760,1933,1695,2935,9419
20232,11440730,성산2동,36249,17469,18780,5629,4319,5165,6381,6338,8417,2893,2192,2438,3016,3176,3754,2736,2127,2727,3365,3162,4663,19041
20232,11440740,상암동,33829,16457,17372,6425,3987,3947,6338,5772,7360,3332,1979,1874,2930,3008,3334,3093,2008,2073,3408,2764,4026,12766
20232,11470510,목1동,27807,13405,14402,4690,4528,2851,4269,5937,5532,2378,2256,1290,1809,2981,2691,2312,2272,1561,2460,2956,2841,10556
20232,11470520,목2동,31200,15334,15866,3648,3943,5637,4998,5049,7925,1872,2161,2731,2513,2375,3682,1776,1782,2906,2485,2674,4243,13239
20232,11470530,목3동,21251,10374,10877,2407,2564,3581,3392,3369,5938,1252,1449,1733,1701,1556,2683,1155,1115,1848,1691,1813,3255,10117
20232,11470540,목4동,26950,13376,13574,3238,4943,3208,3726,5772,6063,1653,2772,1636,1717,2752,2846,1585,2171,1572,2009,3020,3217,10128
20232,11470550,목5동,44710,22223,22487,7428,7622,4515,6136,9883,9126,3987,4180,2255,2419,4916,4466,3441,3442,2260,3717,4967,4660,13578
20232,11470560,신월1동,21328,10978,10350,2129,2294,2841,3356,3658,7050,1070,1193,1519,1852,1897,3447,1059,1101,1322,1504,1761,3603,10203
20232,11470570,신월2동,22442,11147,11295,2979,2455,3074,3707,3436,6791,1508,1335,1572,1910,1663,3159,1471,1120,1502,1797,1773,3632,8607
20232,11470580,신월3동,16840,8848,7992,1583,1919,2283,2450,3012,5593,839,991,1273,1348,1624,2773,744,928,1010,1102,1388,2820,8040
20232,11470590,신월4동,18943,9302,9641,2976,2118,2293,3394,2839,5323,1500,1103,1137,1688,1386,2488,1476,1015,1156,1706,1453,2835,6961
20232,11470600,신월5동,15293,7571,7722,1975,1875,2105,2476,2584,4278,1050,961,1044,1267,1253,1996,925,914,1061,1209,1331,2282,6487
20232,11470610,신월6동,6659,3311,3348,843,882,833,1006,1097,1998,434,452,439,517,538,931,409,430,394,489,559,1067,5226
20232,11470611,신월7동,23403,11588,11815,2672,2608,3191,3660,3735,7537,1344,1369,1687,1930,1860,3398,1328,1239,1504,1730,1875,4139,9234
20232,11470620,신정1동,21578,10558,11020,3410,3489,2153,3018,4474,5034,1748,1804,1037,1306,2228,2435,1662,1685,1116,1712,2246,2599,7213
20232,11470630,신정2동,21607,10722,10885,2806,3732,2345,2708,4652,5364,1469,1984,1169,1185,2312,2603,1337,1748,1176,1523,2340,2761,7141
20232,11470640,신정3동,47275,23338,23937,7541,6408,5441,7735,8551,11599,3904,3346,2757,3758,4208,5365,3637,3062,2684,3977,4343,6234,17831
20232,11470650,신정4동,34659,17028,17631,3728,3810,5536,5958,5366,10261,1901,1918,2735,3089,2554,4831,1827,1892,2801,2869,2812,5430,16066
20232,11470670,신정6동,26460,12891,13569,4076,4568,2916,3616,5692,5592,2134,2374,1386,1536,2742,2719,1942,2194,1530,2080,2950,2873,8300
20232,11470680,신정7동,31798,15590,16208,3805,4841,3704,4175,6209,9064,2028,2536,1865,1980,3031,4150,1777,2305,1839,2195,3178,4914,11604
20232,11500510,염창동,40707,20025,20682,7548,5002,5284,7452,6860,8561,3844,2610,2476,3598,3410,4087,3704,2392,2808,3854,3450,4474,15820
20232,11500520,등촌1동,21207,10029,11178,2527,2129,5026,3720,2970,4835,1332,1068,2050,1901,1428,2250,1195,1061,2976,1819,1542,2585,13153
20232,11500530,등촌2동,21918,10945,10973,2601,2735,3635,3337,3515,6095,1376,1536,1807,1709,1613,2904,1225,1199,1828,1628,1902,3191,8766
20232,11500535,등촌3동,34687,16662,18025,3605,4369,5248,4692,5433,11340,1874,2315,2651,2370,2491,4961,1731,2054,2597,2322,2942,6379,15067
20232,11500540,화곡1동,51684,25545,26139,5313,4725,10247,9544,7194,14661,2659,2371,5090,5146,3512,6767,2654,2354,5157,4398,3682,7894,26338
20232,11500550,화곡2동,19772,9715,10057,2662,2083,2981,3755,3063,5228,1360,1074,1490,1906,1494,2391,1302,1009,1491,1849,1569,2837,7957
20232,11500560,화곡3동,23012,11189,11823,2535,2637,3656,3449,3491,7244,1313,1331,1788,1703,1626,3428,1222,1306,1868,1746,1865,3816,9239
20232,11500570,화곡4동,22351,11009,11342,2520,2371,3389,3998,3435,6638,1283,1259,1750,2072,1661,2984,1237,1112,1639,1926,1774,3654,9638
20232,11500590,화곡본동,36422,17852,18570,4796,3791,6201,7202,5302,9130,2484,1881,3077,3757,2660,3993,2312,1910,3124,3445,2642,5137,18579
20232,11500591,화곡6동,24725,12166,12559,2919,2686,4111,4119,3759,7131,1488,1442,1955,2147,1815,3319,1431,1244,2156,1972,1944,3812,11873
20232,11500593,화곡8동,26703,12972,13731,3234,2595,4164,5191,3813,7706,1628,1345,2043,2676,1831,3449,1606,1250,2121,2515,1982,4257,11583
20232,11500603,가양1동,26585,12986,13599,3430,3000,5505,4597,3876,6177,1780,1470,2559,2369,1830,2978,1650,1530,2946,2228,2046,3199,20072
20232,11500604,가양2동,16549,7941,8608,1103,1292,3004,2178,2034,6938,565,664,1509,1186,951,3066,538,628,1495,992,1083,3872,8052
20232,11500605,가양3동,17796,8514,9282,1855,1524,3099,2927,2299,6092,934,811,1525,1601,1107,2536,921,713,1574,1326,1192,3556,7912
20232,11500611,발산1동,39598,18904,20694,7295,5742,4050,7120,6871,8520,3667,2753,1953,3389,3335,3807,3628,2989,2097,3731,3536,4713,13523
20232,11500615,우장산동,46018,22135,23883,7708,5727,5581,8243,7885,10874,3839,2779,2685,3810,3916,5106,3869,2948,2896,4433,3969,5768,16129
20232,11500620,공항동,21949,11131,10818,2919,2011,3729,3870,3094,6326,1515,989,1896,2115,1613,3003,1404,1022,1833,1755,1481,3323,12784
20232,11500630,방화1동,44245,21720,22525,7878,4495,5856,8138,6362,11516,3974,2302,2780,4063,3212,5389,3904,2193,3076,4075,3150,6127,17489
20232,11500640,방화2동,23158,11434,11724,2391,2246,3695,3555,3411,7860,1244,1160,1839,1890,1762,3539,1147,1086,1856,1665,1649,4321,11644
20232,11500641,방화3동,25941,12518,13423,3158,2278,3810,4348,3737,8610,1587,1185,1861,2242,1821,3822,1571,1093,1949,2106,1916,4788,11330
20232,11530510,신도림동,37145,18228,18917,6689,3913,5106,7286,5347,8804,3407,2006,2384,3532,2661,4238,3282,1907,2722,3754,2686,4566,13483
20232,11530520,구로1동,20644,10237,10407,3581,2254,3109,3981,3036,4683,1877,1165,1547,1976,1496,2176,1704,1089,1562,2005,1540,2507,8364
20232,11530530,구로2동,27306,13796,13510,2367,2709,3588,3954,4938,9750,1223,1391,1848,2148,2615,4571,1144,1318,1740,1806,2323,5179,12794
20232,11530540,구로3동,26146,13194,12952,3083,2004,6479,5459,3291,5830,1558,952,3226,3005,1762,2691,1525,1052,3253,2454,1529,3139,13227
20232,11530550,구로4동,22308,11078,11230,2201,2049,3528,3867,3515,7148,1112,1078,1694,2105,1825,3264,1089,971,1834,1762,1690,3884,10711
20232,11530560,구로5동,29629,14558,15071,3632,2870,5640,5087,4342,8058,1836,1409,2650,2626,2183,3854,1796,1461,2990,2461,2159,4204,14707
20232,11530595,가리봉동,10098,5543,4555,628,795,1246,1314,2101,4014,327,408,690,781,1242,2095,301,387,556,533,859,1919,6040
20232,11530720,고척1동,24431,12260,12171,2991,2920,3304,3725,3930,7561,1546,1542,1755,1905,1950,3562,1445,1378,1549,1820,1980,3999,9619
20232,11530730,고척2동,28625,14298,14327,3686,3504,3510,4609,4945,8371,1894,1816,1777,2325,2462,4024,1792,1688,1733,2284,2483,4347,11610
20232,11530740,개봉1동,32447,16214,16233,4037,3652,4152,5067,5206,10333,1994,1917,2075,2616,2648,4964,2043,1735,2077,2451,2558,5369,14937
20232,11530750,개봉2동,34282,16893,17389,4816,3308,4671,6031,4645,10811,2486,1711,2270,3131,2235,5060,2330,1597,2401,2900,2410,5751,12605
20232,11530760,개봉3동,20217,10000,10217,2547,2230,2683,3415,3143,6199,1299,1143,1398,1782,1521,2857,1248,1087,1285,1633,1622,3342,8842
20232,11530770,오류1동,20637,10158,10479,2315,2048,3699,3555,2824,6196,1148,993,1799,1903,1437,2878,1167,1055,1900,1652,1387,3318,11785
20232,11530780,오류2동,41924,20532,21392,7476,4258,5234,7688,6094,11174,3834,2190,2496,3875,3045,5092,3642,2068,2738,3813,3049,6082,15629
20232,11530790,수궁동,25143,12527,12616,3469,2798,3309,4419,3829,7319,1813,1506,1632,2258,1904,3414,1656,1292,1677,2161,1925,3905,9967
20232,11530800,항동,2568,1281,1287,393,262,306,464,401,742,206,135,156,235,204,345,187,127,150,229,197,397,6135
20232,11545510,가산동,18712,10409,8303,1427,1467,5073,3192,2696,4857,721,676,2864,1967,1603,2578,706,791,2209,1225,1093,2279,15924
20232,11545610,독산1동,29172,15296,13876,3132,2734,5979,4897,4234,8196,1631,1382,3328,2801,2219,3935,1501,1352,2651,2096,2015,4261,21131
20232,11545620,독산2동,20805,10580,10225,2021,2411,3031,2861,3976,6505,1041,1279,1611,1508,2030,3111,980,1132,1420,1353,1946,3394,9436
20232,11545630,독산3동,24757,12508,12249,2179,2669,3543,3527,4714,8125,1061,1393,1850,1934,2352,3918,1118,1276,1693,1593,2362,4207,12553
20232,11545640,독산4동,16891,8513,8378,1583,1945,2221,2461,3338,5343,791,974,1188,1246,1719,2595,792,971,1033,1215,1619,2748,7657
20232,11545670,시흥1동,34306,17230,17076,4063,3622,4961,5491,5727,10442,2110,1915,2558,2844,2904,4899,1953,1707,2403,2647,2823,5543,16124
20232,11545680,시흥2동,23869,11691,12178,3450,2864,2727,3656,4055,7117,1760,1461,1438,1735,1975,3322,1690,1403,1289,1921,2080,3795,8474
20232,11545690,시흥3동,10878,5434,5444,1183,1172,1455,1575,1724,3769,554,631,763,836,868,1782,629,541,692,739,856,1987,4771
20232,11545700,시흥4동,21890,10936,10954,2416,2562,2853,3115,3802,7142,1224,1307,1512,1594,1914,3385,1192,1255,1341,1521,1888,3757,9154
20232,11545710,시흥5동,18790,9438,9352,1946,2201,2330,2651,3299,6363,1021,1158,1236,1393,1692,2938,925,1043,1094,1258,1607,3425,9414
20232,11560515,영등포본동,22836,11519,11317,2860,2251,3356,3704,3643,7022,1410,1181,1707,1927,1900,3394,1450,1070,1649,1777,1743,3628,10338
20232,11560535,영등포동,17225,9669,7556,1321,1246,4403,2760,2387,5108,712,594,2328,1604,1504,2927,609,652,2075,1156,883,2181,18953
20232,11560540,여의동,28793,13691,15102,4470,2786,3677,4639,4433,8788,2262,1390,1697,2141,2166,4035,2208,1396,1980,2498,2267,4753,13784
20232,11560550,당산1동,20148,9854,10294,2408,1767,3787,3613,2776,5797,1200,866,1809,1900,1402,2677,1208,901,1978,1713,1374,3120,10797
20232,11560560,당산2동,33422,15920,17502,4378,3011,7985,5837,4234,7977,2285,1418,3480,2912,2058,3767,2093,1593,4505,2925,2176,4210,18478
20232,11560585,도림동,19997,10044,9953,2240,1762,3482,3541,3220,5752,1157,919,1666,1933,1668,2701,1083,843,1816,1608,1552,3051,9436
20232,11560605,문래동,32692,16240,16452,5883,2908,4556,6497,4586,8262,3068,1482,2113,3238,2398,3941,2815,1426,2443,3259,2188,4321,13355
20232,11560610,양평1동,17070,8527,8543,2398,1429,3173,3564,2231,4275,1229,720,1530,1914,1209,1925,1169,709,1643,1650,1022,2350,9134
20232,11560620,양평2동,22099,11046,11053,3412,2348,4170,4059,3257,4853,1711,1212,2000,2087,1711,2325,1701,1136,2170,1972,1546,2528,10325
20232,11560630,신길1동,17202,8741,8461,1359,1604,3260,2733,2678,5568,697,830,1740,1524,1414,2536,662,774,1520,1209,1264,3032,10413
20232,11560650,신길3동,16658,8346,8312,1951,1749,2162,2536,2887,5373,1005,970,1107,1302,1461,2501,946,779,1055,1234,1426,2872,7653
20232,11560660,신길4동,9364,4673,4691,857,1083,1285,1226,1607,3306,437,581,684,633,803,1535,420,502,601,593,804,1771,5042
20232,11560670,신길5동,9645,4845,4800,948,1033,1212,1421,1656,3375,502,544,651,728,843,1577,446,489,561,693,813,1798,4997
20232,11560680,신길6동,16987,8362,8625,1871,1826,2784,2621,2623,5262,967,952,1411,1335,1279,2418,904,874,1373,1286,1344,2844,9247
20232,11560690,신길7동,12751,6395,6356,2034,1667,1824,2225,2169,2832,1112,828,930,1103,1113,1309,922,839,894,1122,1056,1523,7911
20232,11560700,대림1동,13474,6752,6722,1202,1519,1838,1892,2342,4681,622,809,971,1019,1164,2167,580,710,867,873,1178,2514,7219
20232,11560710,대림2동,13629,6736,6893,1184,1191,1870,2013,2394,4977,599,640,950,1057,1173,2317,585,551,920,956,1221,2660,6977
20232,11560720,대림3동,24878,12593,12285,2951,2612,3688,3838,4191,7598,1512,1410,1929,1991,2128,3623,1439,1202,1759,1847,2063,3975,10429
20232,11590510,노량진1동,30860,15434,15426,3747,3195,5559,4768,4466,9125,1914,1670,3028,2502,2233,4087,1833,1525,2531,2266,2233,5038,15709
20232,11590520,노량진2동,13262,6766,6496,866,1393,2450,1704,2148,4701,446,717,1368,929,1120,2186,420,676,1082,775,1028,2515,7466
20232,11590530,상도1동,46157,22802,23355,6111,5387,8643,7734,6209,12073,3206,2683,4614,3820,3027,5452,2905,2704,4029,3914,3182,6621,21584
20232,11590540,상도2동,24850,12037,12813,3389,2467,4324,4313,3569,6788,1739,1206,2076,2174,1776,3066,1650,1261,2248,2139,1793,3722,12575
20232,11590550,상도3동,25055,12231,12824,2752,2624,4230,4303,3767,7379,1421,1357,2106,2184,1816,3347,1331,1267,2124,2119,1951,4032,12051
20232,11590560,상도4동,28952,14335,14617,3504,3047,4725,4937,4467,8272,1825,1618,2407,2614,2127,3744,1679,1429,2318,2323,2340,4528,13804
20232,11590605,흑석동,29016,14150,14866,3467,3153,4433,4501,4483,8979,1795,1584,2299,2326,2172,3974,1672,1569,2134,2175,2311,5005,14266
20232,11590620,사당1동,22033,10598,11435,1793,1862,5394,3915,2741,6328,971,936,2501,2027,1308,2855,822,926,2893,1888,1433,3473,13289
20232,11590630,사당2동,28458,13883,14575,3654,2485,4598,5019,3855,8847,1945,1275,2189,2563,1860,4051,1709,1210,2409,2456,1995,4796,11947
20232,11590640,사당3동,23901,11636,12265,3182,2159,3731,4047,3321,7461,1655,1095,1785,1990,1622,3489,1527,1064,1946,2057,1699,3972,10564
20232,11590650,사당4동,14300,6955,7345,1501,1358,2548,2557,2026,4310,775,711,1247,1331,970,1921,726,647,1301,1226,1056,2389,7154
20232,11590651,사당5동,11517,5667,5850,1453,1174,1916,2109,1700,3165,754,633,935,1074,841,1430,699,541,981,1035,859,1735,6600
20232,11590660,대방동,39072,18782,20290,5061,5448,5895,6108,6895,9665,2564,2763,2806,2916,3424,4309,2497,2685,3089,3192,3471,5356,17282
20232,11590670,신대방1동,25113,12292,12821,3653,3100,3317,4026,4243,6774,1889,1541,1640,1898,2143,3181,1764,1559,1677,2128,2100,3593,10234
20232,11590680,신대방2동,19143,9398,9745,2868,2090,3139,3472,2913,4661,1526,1051,1467,1727,1458,2169,1342,1039,1672,1745,1455,2492,9769
20232,11620525,보라매동,24290,12101,12189,2435,2474,4335,4059,3604,7383,1243,1299,2238,2141,1784,3396,1192,1175,2097,1918,1820,3987,12009
20232,11620545,청림동,17325,8505,8820,2838,1582,2334,3259,2482,4830,1437,793,1168,1684,1290,2133,1401,789,1166,1575,1192,2697,6553
20232,11620565,성현동,32568,15918,16650,4556,3795,3837,5545,5410,9425,2352,1992,1861,2763,2723,4227,2204,1803,1976,2782,2687,5198,14122
20232,11620575,행운동,25488,12516,12972,2053,2264,7397,4414,3000,6360,1036,1043,3634,2399,1527,2877,1017,1221,3763,2015,1473,3483,17137
20232,11620585,낙성대동,15762,7962,7800,1259,1750,5057,2591,1757,3348,639,792,2678,1396,908,1549,620,958,2379,1195,849,1799,10254
20232,11620595,청룡동,27130,13262,13868,2062,2865,7843,4311,3270,6779,1049,1310,3823,2280,1680,3120,1013,1555,4020,2031,1590,3659,22229
20232,11620605,은천동,34935,17283,17652,4592,3390,5645,6212,5163,9933,2365,1725,2815,3237,2605,4536,2227,1665,2830,2975,2558,5397,15937
20232,11620615,중앙동,14535,7052,7483,1022,1433,3884,2247,1886,4063,537,647,1879,1201,974,1814,485,786,2005,1046,912,2249,9605
20232,11620625,인헌동,27630,13734,13896,2914,2755,6416,4783,3860,6902,1515,1377,3246,2531,1926,3139,1399,1378,3170,2252,1934,3763,13908
20232,11620630,남현동,18394,8878,9516,2019,1683,4427,3144,2321,4800,1025,781,2131,1627,1106,2208,994,902,2296,1517,1215,2592,9538
20232,11620645,서원동,22834,11713,11121,1498,2175,6237,3974,2955,5995,765,1098,3427,2221,1441,2761,733,1077,2810,1753,1514,3234,13823
20232,11620655,신원동,18403,9182,9221,1516,1893,3971,3023,2591,5409,763,948,2160,1625,1276,2410,753,945,1811,1398,1315,2999,10797
20232,11620665,서림동,24645,13642,11003,1870,2532,6503,4141,3280,6319,998,1314,3999,2546,1815,2970,872,1218,2504,1595,1465,3349,15523
20232,11620685,신사동,23022,11613,11409,1976,2434,4982,3783,3628,6219,1047,1224,2628,1975,1828,2911,929,1210,2354,1808,1800,3308,13680
20232,11620695,신림동,19935,10085,9850,898,1810,8114,3667,1916,3530,471,721,4113,2091,1050,1639,427,1089,4001,1576,866,1891,17289
20232,11620715,난향동,17130,8500,8630,2656,1722,1880,3239,2756,4877,1352,894,956,1627,1452,2219,1304,828,924,1612,1304,2658,6422
20232,11620725,조원동,17088,8712,8376,1496,1518,3865,2961,2464,4784,753,712,2022,1614,1303,2308,743,806,1843,1347,1161,2476,10649
20232,11620735,대학동,22444,13615,8829,1438,2398,6280,4087,3255,4986,732,1264,4242,2771,2150,2456,706,1134,2038,1316,1105,2530,16777
20232,11620745,삼성동,25864,13023,12841,2197,2759,3302,3587,4371,9648,1152,1423,1799,1984,2269,4396,1045,1336,1503,1603,2102,5252,11204
20232,11620765,미성동,30775,15378,15397,3407,3509,4696,4831,4864,9468,1749,1757,2466,2566,2365,4475,1658,1752,2230,2265,2499,4993,14102
20232,11620775,난곡동,29317,14862,14455,2978,3473,4067,4463,4981,9355,1542,1843,2216,2401,2480,4380,1436,1630,1851,2062,2501,4975,12972
20232,11650510,서초1동,20781,10038,10743,2874,2259,3393,3806,3207,5242,1462,1185,1588,1789,1566,2448,1412,1074,1805,2017,1641,2794,9350
20232,11650520,서초2동,17183,8274,8909,2504,1780,2853,3217,2640,4189,1259,924,1302,1496,1301,1992,1245,856,1551,1721,1339,2197,9671
20232,11650530,서초3동,25750,12651,13099,2777,3369,4322,3916,4468,6898,1443,1922,2005,1884,2138,3259,1334,1447,2317,2032,2330,3639,14565
20232,11650531,서초4동,26577,12926,13651,4743,3332,2877,4602,4876,6147,2448,1713,1303,2047,2453,2962,2295,1619,1574,2555,2423,3185,11005
20232,11650540,잠원동,26523,12794,13729,4196,3275,3497,4734,5195,5626,2188,1628,1639,2082,2619,2638,2008,1647,1858,2652,2576,2988,11449
20232,11650550,반포본동,12869,6096,6773,1787,2213,1016,1785,2967,3101,952,1066,479,670,1493,1436,835,1147,537,1115,1474,1665,4107
20232,11650560,반포1동,28508,13708,14800,4562,2729,4889,5931,4491,5906,2352,1305,2191,2783,2369,2708,2210,1424,2698,3148,2122,3198,14274
20232,11650570,반포2동,12641,5976,6665,3055,1544,996,2301,2282,2463,1538,736,439,929,1211,1123,1517,808,557,1372,1071,1340,5109
20232,11650580,반포3동,17389,8265,9124,3107,2218,1834,3191,3274,3765,1599,1117,853,1366,1650,1680,1508,1101,981,1825,1624,2085,7739
20232,11650581,반포4동,19165,9074,10091,3161,2269,2545,3307,3180,4703,1615,1137,1167,1466,1505,2184,1546,1132,1378,1841,1675,2519,7275
20232,11650590,방배본동,21003,9845,11158,2997,2940,2556,3223,4043,5244,1497,1385,1176,1392,1946,2449,1500,1555,1380,1831,2097,2795,7997
20232,11650600,방배1동,17063,8160,8903,2035,1884,2922,3047,2535,4640,1059,1013,1280,1487,1179,2142,976,871,1642,1560,1356,2498,7644
20232,11650610,방배2동,20416,9763,10653,2403,2439,3402,3304,3006,5862,1226,1277,1572,1607,1368,2713,1177,1162,1830,1697,1638,3149,8671
20232,11650620,방배3동,21866,10587,11279,2411,2735,3409,3060,3539,6712,1227,1455,1705,1420,1626,3154,1184,1280,1704,1640,1913,3558,8284
20232,11650621,방배4동,22692,10501,12191,3087,2951,3345,3775,4029,5505,1533,1342,1424,1736,1899,2567,1554,1609,1921,2039,2130,2938,9812
20232,11650651,양재1동,47758,22988,24770,8804,4536,6512,9257,6735,11914,4506,2293,3098,4476,3357,5258,4298,2243,3414,4781,3378,6656,18222
20232,11650652,양재2동,23406,11715,11691,2936,2189,4501,4623,3628,5529,1511,1142,2274,2380,1850,2558,1425,1047,2227,2243,1778,2971,10829
20232,11650660,내곡동,18416,9036,9380,3581,1529,2350,3583,2279,5094,1819,807,1118,1819,1104,2369,1762,722,1232,1764,1175,2725,7209
20232,11680510,신사동,18137,8472,9665,2230,2121,2768,3104,3062,4852,1158,1065,1193,1372,1468,2216,1072,1056,1575,1732,1594,2636,7323
20232,11680521,논현1동,23747,10982,12765,1598,1819,6239,5414,3189,5488,794,873,2732,2527,1597,2459,804,946,3507,2887,1592,3029,14400
20232,11680531,논현2동,21289,9978,11311,2207,1914,4273,4501,3089,5305,1127,1004,1798,2080,1518,2451,1080,910,2475,2421,1571,2854,11676
20232,11680545,압구정동,28557,13258,15299,4370,3214,3441,4765,4777,7990,2180,1571,1530,2100,2272,3605,2190,1643,1911,2665,2505,4385,10622
20232,11680565,청담동,30253,14353,15900,4122,3496,4561,5329,4948,7797,2167,1864,2042,2408,2299,3573,1955,1632,2519,2921,2649,4224,11801
20232,11680580,삼성1동,12969,6444,6525,1536,1706,1937,2050,2251,3489,801,1055,941,946,1050,1651,735,651,996,1104,1201,1838,5675
20232,11680590,삼성2동,29555,14126,15429,4404,3483,4429,6173,5279,5787,2328,1943,1910,2634,2651,2660,2076,1540,2519,3539,2628,3127,13439
20232,11680600,대치1동,24865,12437,12428,4090,5027,2014,3011,6046,4677,2273,2726,939,1171,2994,2334,1817,2301,1075,1840,3052,2343,7380
20232,11680610,대치2동,40398,20450,19948,4638,8163,4534,4366,9272,9425,2599,4711,2272,1768,4369,4731,2039,3452,2262,2598,4903,4694,12986
20232,11680630,대치4동,20756,9812,10944,1732,3513,3550,3669,4333,3959,926,1833,1564,1593,2032,1864,806,1680,1986,2076,2301,2095,10328
20232,11680640,역삼1동,35231,16873,18358,2250,2975,9999,8129,4726,7152,1125,1362,4509,3968,2513,3396,1125,1613,5490,4161,2213,3756,23983
20232,11680650,역삼2동,36291,17132,19159,5899,5027,4745,6988,7068,6564,3103,2358,2043,3002,3598,3028,2796,2669,2702,3986,3470,3536,15675
20232,11680655,도곡1동,21644,10277,11367,3153,2714,3349,3405,3672,5351,1522,1327,1533,1560,1761,2574,1631,1387,1816,1845,1911,2777,8661
20232,11680656,도곡2동,24138,11213,12925,4108,3805,2562,3795,5034,4834,1987,1686,1117,1609,2460,2354,2121,2119,1445,2186,2574,2480,11792
20232,11680660,개포1동,6308,3041,3267,803,957,794,712,1093,1949,411,485,375,288,506,976,392,472,419,424,587,973,2465
20232,11680670,개포2동,14194,6920,7274,1879,2386,1669,1695,2832,3733,958,1199,853,767,1299,1844,921,1187,816,928,1533,1889,8033
20232,11680690,개포4동,18031,8893,9138,2179,2374,2741,2992,3259,4486,1137,1219,1332,1505,1559,2141,1042,1155,1409,1487,1700,2345,9499
20232,11680700,세곡동,42164,20181,21983,8556,4325,5147,8093,5849,10194,4248,2146,2376,3941,2936,4534,4308,2179,2771,4152,2913,5660,17965
20232,11680720,일원본동,25466,12646,12820,4394,3697,3009,3824,4867,5675,2369,2037,1508,1648,2364,2720,2025,1660,1501,2176,2503,2955,8146
20232,11680730,일원1동,17211,8427,8784,1766,1952,2807,2464,2638,5584,921,1109,1373,1301,1241,2482,845,843,1434,1163,1397,3102,7465
20232,11680740,일원2동,15370,7351,8019,1903,1699,2134,2634,2343,4657,1007,989,1059,1308,1122,1866,896,710,1075,1326,1221,2791,7357
20232,11680750,수서동,16178,7412,8766,1442,1217,2501,2412,1739,6867,707,661,1241,1350,784,2669,735,556,1260,1062,955,4198,7876
20232,11710510,풍납1동,15603,7687,7916,1648,1601,2267,2431,2520,5136,856,822,1162,1261,1239,2347,792,779,1105,1170,1281,2789,6377
20232,11710520,풍납2동,23982,11544,12438,3437,2599,3845,4232,3662,6207,1765,1320,1733,2016,1803,2907,1672,1279,2112,2216,1859,3300,11071
20232,11710531,거여1동,11495,5902,5593,1249,1460,1484,1672,2051,3579,651,787,816,837,1052,1759,598,673,668,835,999,1820,5510
20232,11710532,거여2동,17995,8871,9124,2403,2014,2115,2930,3195,5338,1213,1043,1118,1460,1608,2429,1190,971,997,1470,1587,2909,8170
20232,11710540,마천1동,22624,11470,11154,2754,2589,2553,3421,3852,7455,1387,1321,1356,1775,2052,3579,1367,1268,1197,1646,1800,3876,8972
20232,11710550,마천2동,19813,10146,9667,2023,2254,2525,2889,3454,6668,1038,1220,1361,1545,1797,3185,985,1034,1164,1344,1657,3483,8886
20232,11710561,방이1동,16181,7874,8307,2081,2389,2216,2379,2998,4118,1049,1227,1108,1092,1412,1986,1032,1162,1108,1287,1586,2132,6317
20232,11710562,방이2동,24312,11851,12461,2598,2393,4748,4613,3624,6336,1383,1233,2280,2334,1715,2906,1215,1160,2468,2279,1909,3430,14550
20232,11710566,오륜동,19267,9403,9864,2497,3408,2086,2332,4086,4858,1310,1813,1020,919,1968,2373,1187,1595,1066,1413,2118,2485,5956
20232,11710570,오금동,36272,17898,18374,4092,4829,5417,5035,6250,10649,2131,2554,2734,2452,2926,5101,1961,2275,2683,2583,3324,5548,15693
20232,11710580,송파1동,26130,12457,13673,2738,2670,5469,4806,3752,6695,1361,1316,2514,2366,1776,3124,1377,1354,2955,2440,1976,3571,12434
20232,11710590,송파2동,21811,10629,11182,2867,3057,3149,3147,3653,5938,1502,1503,1563,1515,1731,2815,1365,1554,1586,1632,1922,3123,7647
20232,11710600,석촌동,34527,16735,17792,3778,3320,6899,6562,5157,8811,1895,1743,3243,3305,2517,4032,1883,1577,3656,3257,2640,4779,17072
20232,11710610,삼전동,33572,16157,17415,3699,3432,6552,6869,5112,7908,1897,1811,3056,3411,2426,3556,1802,1621,3496,3458,2686,4352,16326
20232,11710620,가락본동,27265,13643,13622,3259,3363,4574,4217,4638,7214,1691,1771,2249,2139,2300,3493,1568,1592,2325,2078,2338,3721,12010
20232,11710631,가락1동,735,366,369,124,100,92,114,127,178,65,61,47,57,55,81,59,39,45,57,72,97,9908
20232,11710632,가락2동,31488,15493,15995,4839,4251,4529,5003,5514,7352,2488,2197,2216,2383,2696,3513,2351,2054,2313,2620,2818,3839,12379
20232,11710641,문정1동,21688,10719,10969,2555,2597,3774,3252,3437,6073,1322,1314,1896,1647,1602,2938,1233,1283,1878,1605,1835,3135,8431
20232,11710642,문정2동,19802,9480,10322,2402,1894,3669,3390,2643,5804,1206,992,1701,1544,1247,2790,1196,902,1968,1846,1396,3014,15761
20232,11710646,장지동,32060,15550,16510,4985,3976,4238,5573,5156,8132,2532,2036,2123,2766,2453,3640,2453,1940,2115,2807,2703,4492,12080
20232,11710647,위례동,17776,8831,8945,4478,1873,1704,3874,3002,2845,2282,978,778,1848,1614,1331,2196,895,926,2026,1388,1514,9900
20232,11710650,잠실본동,29377,14001,15376,2812,3137,6035,5628,4491,7274,1468,1545,2784,2763,2143,3298,1344,1592,3251,2865,2348,3976,15419
20232,11710670,잠실2동,37790,18019,19771,8259,4848,3403,7574,7192,6514,4206,2327,1461,3208,3801,3016,4053,2521,1942,4366,3391,3498,11899
20232,11710680,잠실3동,37310,17936,19374,6137,4464,4630,6051,6002,10026,3245,2189,2144,2724,2901,4733,2892,2275,2486,3327,3101,5293,12130
20232,11710690,잠실4동,22970,11125,11845,4871,2151,2672,4593,3429,5254,2499,1125,1196,2108,1726,2471,2372,1026,1476,2485,1703,2783,7418
20232,11710710,잠실6동,16882,8015,8867,2347,2101,2356,2362,2763,4953,1158,1051,1127,1045,1265,2369,1189,1050,1229,1317,1498,2584,5983
20232,11710720,잠실7동,10540,4937,5603,1365,1486,1183,1363,1838,3305,710,663,525,600,870,1569,655,823,658,763,968,1736,3465
20232,11740515,강일동,34450,16815,17635,6574,4587,3459,5849,5563,8418,3415,2296,1719,2762,2782,3841,3159,2291,1740,3087,2781,4577,12960
20232,11740520,상일동,8782,4429,4353,890,1242,1250,1023,1606,2771,477,624,699,503,769,1357,413,618,551,520,837,1414,11601
20232,11740530,명일1동,23041,11295,11746,3304,3171,2927,3397,3918,6324,1757,1682,1471,1589,1877,2919,1547,1489,1456,1808,2041,3405,10105
20232,11740540,명일2동,18340,9201,9139,2408,2922,2336,2171,3466,5037,1304,1597,1260,930,1682,2428,1104,1325,1076,1241,1784,2609,6115
20232,11740550,고덕1동,16057,8177,7880,2594,2046,2087,2651,2709,3970,1351,1158,1101,1312,1349,1906,1243,888,986,1339,1360,2064,8800
20232,11740560,고덕2동,8110,4273,3837,665,990,1014,1001,1461,2979,336,575,590,547,777,1448,329,415,424,454,684,1531,8705
20232,11740570,암사1동,35414,17674,17740,4393,3979,5039,5979,5821,10203,2225,2145,2583,3097,2910,4714,2168,1834,2456,2882,2911,5489,16172
20232,11740580,암사2동,14123,6943,7180,2377,1353,2086,2733,2082,3492,1232,682,990,1348,1072,1619,1145,671,1096,1385,1010,1873,6352
20232,11740590,암사3동,19270,9507,9763,3668,2197,2156,3345,3154,4750,1850,1136,1096,1570,1588,2267,1818,1061,1060,1775,1566,2483,6369
20232,11740600,천호1동,28380,14072,14308,3131,3131,4142,4369,4544,9063,1604,1602,2105,2274,2242,4245,1527,1529,2037,2095,2302,4818,12913
20232,11740610,천호2동,30887,15548,15339,3270,2907,4917,5232,5018,9543,1673,1555,2454,2758,2606,4502,1597,1352,2463,2474,2412,5041,17730
20232,11740620,천호3동,21563,10905,10658,2071,1954,3683,3501,3237,7117,1055,995,1861,1924,1696,3374,1016,959,1822,1577,1541,3743,13901
20232,11740640,성내1동,19174,9373,9801,2870,2069,2870,3425,2859,5081,1481,1076,1388,1693,1398,2337,1389,993,1482,1732,1461,2744,8258
20232,11740650,성내2동,24045,11987,12058,2366,2141,4218,4151,3636,7533,1248,1071,2112,2186,1814,3556,1118,1070,2106,1965,1822,3977,12909
20232,11740660,성내3동,23172,11552,11620,2733,2585,3613,4079,3726,6436,1451,1457,1833,2091,1824,2896,1282,1128,1780,1988,1902,3540,10606
20232,11740685,길동,46207,22719,23488,5288,4863,7779,7696,6990,13591,2792,2496,3735,3964,3407,6325,2496,2367,4044,3732,3583,7266,21589
20232,11740690,둔촌1동,25,15,10,2,5,2,1,5,10,2,3,2,0,1,7,0,2,0,1,4,3,14
20232,11740700,둔촌2동,27231,13469,13762,3510,3339,4023,4101,4361,7897,1861,1709,2034,2057,2121,3687,1649,1630,1989,2044,2240,4210,11040
20231,11110540,삼청동,2597,1223,1374,229,258,281,394,386,1049,120,130,130,193,185,465,109,128,151,201,201,584,1340
20231,11110690,창신3동,6905,3445,3460,828,790,1029,971,1162,2125,432,435,526,477,571,1004,396,355,503,494,591,1121,2911
20231,11170700,보광동,14985,7317,7668,1066,1497,2402,2364,2654,5002,596,815,1331,1196,1287,2092,470,682,1071,1168,1367,2910,7784
20231,11170560,원효로1동,12933,6357,6576,1938,1068,2279,2568,1818,3262,1013,525,1076,1313,917,1513,925,543,1203,1255,901,1749,8035
20231,11170625,한강로동,12463,6247,6216,1395,935,2030,2008,1870,4225,741,498,1023,1009,977,1999,654,437,1007,999,893,2226,10405
20231,11215840,자양3동,28608,13914,14694,4412,3346,4084,4620,4654,7492,2219,1737,1964,2193,2223,3578,2193,1609,2120,2427,2431,3914,11170
20231,11215760,중곡3동,17505,8683,8822,1756,1971,2854,2693,3080,5151,924,1001,1438,1425,1508,2387,832,970,1416,1268,1572,2764,8551
20231,11230650,장안1동,36646,18353,18293,4657,3484,5627,6449,5590,10839,2384,1777,2830,3330,2847,5185,2273,1707,2797,3119,2743,5654,18258
20231,11230560,전농1동,28613,14345,14268,3230,3245,3923,4404,4626,9185,1642,1644,2036,2312,2391,4320,1588,1601,1887,2092,2235,4865,15185
20231,11230720,휘경1동,12887,6407,6480,973,1597,2619,1873,1939,3886,504,751,1338,1015,1028,1771,469,846,1281,858,911,2115,7186
20231,11230730,휘경2동,23906,11788,12118,2807,3382,4055,3533,3700,6429,1440,1548,2249,1775,1815,2961,1367,1834,1806,1758,1885,3468,11851
20231,11260550,면목5동,9670,4934,4736,1070,1044,1436,1407,1739,2974,538,530,759,724,921,1462,532,514,677,683,818,1512,6602
20231,11260580,상봉1동,25886,12691,13195,3534,3345,3605,3787,4419,7196,1810,1754,1808,1849,2134,3336,1724,1591,1797,1938,2285,3860,10297
20231,11290575,동선동,15848,6935,8913,1341,2137,3951,2371,2138,3910,681,763,1593,1133,1055,1710,660,1374,2358,1238,1083,2200,9347
20231,11290525,성북동,16414,7796,8618,1579,1848,2708,2549,2769,4961,797,935,1242,1239,1354,2229,782,913,1466,1310,1415,2732,8225
20231,11290600,안암동,5435,2811,2624,330,892,1483,672,719,1339,176,429,845,380,361,620,154,463,638,292,358,719,9202
20231,11320700,방학2동,21677,10994,10683,2110,2751,2631,3002,3910,7273,1106,1472,1462,1560,2031,3363,1004,1279,1169,1442,1879,3910,9509
20231,11320515,창5동,26631,12984,13647,3271,3232,3858,3912,4352,8006,1702,1629,1938,1925,2062,3728,1569,1603,1920,1987,2290,4278,10266
20231,11350600,공릉2동,41090,20272,20818,6353,5977,5335,6608,7025,9792,3320,3039,2713,3149,3479,4572,3033,2938,2622,3459,3546,5220,16502
20231,11350670,상계5동,27306,13262,14044,2786,3621,3429,3830,4865,8775,1423,1875,1758,1919,2321,3966,1363,1746,1671,1911,2544,4809,11023
20231,11380551,갈현1동,24611,12052,12559,2292,3101,3666,3565,4136,7851,1223,1625,1865,1832,1961,3546,1069,1476,1801,1733,2175,4305,11152
20231,11380590,응암2동,17038,8318,8720,2981,1761,1907,3498,2632,4259,1547,936,911,1739,1293,1892,1434,825,996,1759,1339,2367,11005
20231,11410690,남가좌1동,15986,7764,8222,3613,1451,1914,3347,2318,3343,1820,732,865,1662,1140,1545,1793,719,1049,1685,1178,1798,5889
20231,11410585,신촌동,17521,8062,9459,1229,2308,5614,2464,2053,3853,632,873,2618,1206,1016,1717,597,1435,2996,1258,1037,2136,13316
20231,11410615,연희동,37904,18494,19410,3647,4374,7331,5594,5889,11069,1895,2169,3864,2708,2877,4981,1752,2205,3467,2886,3012,6088,18862
20231,11440680,합정동,18775,8925,9850,2120,1885,4100,3414,2504,4752,1109,899,1831,1748,1216,2122,1011,986,2269,1666,1288,2630,10285
20231,11470590,신월4동,18943,9302,9641,2976,2118,2293,3394,2839,5323,1500,1103,1137,1688,1386,2488,1476,1015,1156,1706,1453,2835,6961
20231,11500520,등촌1동,21207,10029,11178,2527,2129,5026,3720,2970,4835,1332,1068,2050,1901,1428,2250,1195,1061,2976,1819,1542,2585,13153
20231,11560720,대림3동,24878,12593,12285,2951,2612,3688,3838,4191,7598,1512,1410,1929,1991,2128,3623,1439,1202,1759,1847,2063,3975,10429
20231,11560605,문래동,32692,16240,16452,5883,2908,4556,6497,4586,8262,3068,1482,2113,3238,2398,3941,2815,1426,2443,3259,2188,4321,13355
20231,11560630,신길1동,17202,8741,8461,1359,1604,3260,2733,2678,5568,697,830,1740,1524,1414,2536,662,774,1520,1209,1264,3032,10413
20231,11560535,영등포동,17225,9669,7556,1321,1246,4403,2760,2387,5108,712,594,2328,1604,1504,2927,609,652,2075,1156,883,2181,18953
20231,11590650,사당4동,14300,6955,7345,1501,1358,2548,2557,2026,4310,775,711,1247,1331,970,1921,726,647,1301,1226,1056,2389,7154
20231,11590550,상도3동,25055,12231,12824,2752,2624,4230,4303,3767,7379,1421,1357,2106,2184,1816,3347,1331,1267,2124,2119,1951,4032,12051
20231,11650560,반포1동,28508,13708,14800,4562,2729,4889,5931,4491,5906,2352,1305,2191,2783,2369,2708,2210,1424,2698,3148,2122,3198,14274
20231,11650570,반포2동,12641,5976,6665,3055,1544,996,2301,2282,2463,1538,736,439,929,1211,1123,1517,808,557,1372,1071,1340,5109
20231,11650621,방배4동,22692,10501,12191,3087,2951,3345,3775,4029,5505,1533,1342,1424,1736,1899,2567,1554,1609,1921,2039,2130,2938,9812
20231,11650510,서초1동,20781,10038,10743,2874,2259,3393,3806,3207,5242,1462,1185,1588,1789,1566,2448,1412,1074,1805,2017,1641,2794,9350
20231,11650530,서초3동,25750,12651,13099,2777,3369,4322,3916,4468,6898,1443,1922,2005,1884,2138,3259,1334,1447,2317,2032,2330,3639,14565
20231,11650652,양재2동,23406,11715,11691,2936,2189,4501,4623,3628,5529,1511,1142,2274,2380,1850,2558,1425,1047,2227,2243,1778,2971,10829
20231,11680630,대치4동,20756,9812,10944,1732,3513,3550,3669,4333,3959,926,1833,1564,1593,2032,1864,806,1680,1986,2076,2301,2095,10328
20231,11680655,도곡1동,21644,10277,11367,3153,2714,3349,3405,3672,5351,1522,1327,1533,1560,1761,2574,1631,1387,1816,1845,1911,2777,8661
20231,11680580,삼성1동,12969,6444,6525,1536,1706,1937,2050,2251,3489,801,1055,941,946,1050,1651,735,651,996,1104,1201,1838,5675
20231,11710580,송파1동,26130,12457,13673,2738,2670,5469,4806,3752,6695,1361,1316,2514,2366,1776,3124,1377,1354,2955,2440,1976,3571,12434
20231,11710680,잠실3동,37310,17936,19374,6137,4464,4630,6051,6002,10026,3245,2189,2144,2724,2901,4733,2892,2275,2486,3327,3101,5293,12130
20231,11710710,잠실6동,16882,8015,8867,2347,2101,2356,2362,2763,4953,1158,1051,1127,1045,1265,2369,1189,1050,1229,1317,1498,2584,5983
20231,11710646,장지동,32060,15550,16510,4985,3976,4238,5573,5156,8132,2532,2036,2123,2766,2453,3640,2453,1940,2115,2807,2703,4492,12080
20231,11710520,풍납2동,23982,11544,12438,3437,2599,3845,4232,3662,6207,1765,1320,1733,2016,1803,2907,1672,1279,2112,2216,1859,3300,11071
20231,11740560,고덕2동,8110,4273,3837,665,990,1014,1001,1461,2979,336,575,590,547,777,1448,329,415,424,454,684,1531,8705
20231,11740685,길동,46207,22719,23488,5288,4863,7779,7696,6990,13591,2792,2496,3735,3964,3407,6325,2496,2367,4044,3732,3583,7266,21589
20231,11110670,창신1동,5666,3042,2624,369,535,716,683,1074,2289,187,285,414,351,592,1213,182,250,302,332,482,1076,2960
20231,11140605,을지로동,1457,902,555,51,75,149,135,252,795,22,38,84,83,173,502,29,37,65,52,79,293,1504
20231,11140570,필동,3851,1963,1888,290,325,680,543,572,1441,145,161,379,291,311,676,145,164,301,252,261,765,2408
20231,11200615,금호2?3가동,24420,11838,12582,3394,2362,3538,4495,3775,6856,1753,1209,1695,2258,1879,3044,1641,1153,1843,2237,1896,3812,10318
20231,11200645,옥수동,23133,10990,12143,3782,1902,3462,4480,3298,6209,1913,951,1584,2193,1551,2798,1869,951,1878,2287,1747,3411,11091
20231,11200580,응봉동,16178,7777,8401,2485,1830,1822,2932,2775,4334,1296,891,892,1385,1351,1962,1189,939,930,1547,1424,2372,6128
20231,11230536,용신동,25063,12915,12148,2205,2280,4500,4017,3756,8305,1155,1205,2335,2138,2024,4058,1050,1075,2165,1879,1732,4247,18390
20231,11260660,망우3동,17398,8668,8730,1738,2131,2406,2443,3186,5494,870,1058,1218,1266,1632,2624,868,1073,1188,1177,1554,2870,8431
20231,11260570,면목7동,22266,11109,11157,2282,2236,3376,3406,3605,7361,1175,1174,1710,1788,1788,3474,1107,1062,1666,1618,1817,3887,10708
20231,11290610,보문동,12473,6081,6392,1213,1405,2252,1975,2071,3557,591,696,1156,1020,1003,1615,622,709,1096,955,1068,1942,7827
20231,11290620,정릉1동,18977,9182,9795,2796,2165,2373,3198,3103,5342,1408,1089,1150,1555,1543,2437,1388,1076,1223,1643,1560,2905,7502
20231,11305535,미아동,22868,11145,11723,1933,2521,3584,3363,3789,7678,1015,1224,1797,1749,1857,3503,918,1297,1787,1614,1932,4175,11775
20231,11305603,번2동,18104,8873,9231,1653,2107,2237,2680,2937,6490,885,1082,1201,1424,1447,2834,768,1025,1036,1256,1490,3656,7659
20231,11320521,도봉1동,22048,11169,10879,1818,2320,2697,2993,3551,8669,904,1233,1422,1656,1809,4145,914,1087,1275,1337,1742,4524,10426
20231,11320710,방학3동,29657,14581,15076,4025,3818,3768,3973,5190,8883,2139,2076,1997,1817,2460,4092,1886,1742,1771,2156,2730,4791,10068
20231,11320670,쌍문2동,20146,9775,10371,2204,2424,2861,2911,3259,6487,1176,1244,1442,1500,1510,2903,1028,1180,1419,1411,1749,3584,8673
20231,11410700,남가좌2동,22912,11218,11694,2675,2758,3108,3356,3901,7114,1372,1377,1643,1683,1947,3196,1303,1381,1465,1673,1954,3918,13308
20231,11440600,대흥동,11549,5625,5924,845,1412,2592,1756,1685,3259,449,613,1293,895,883,1492,396,799,1299,861,802,1767,8385
20231,11440585,도화동,22198,10672,11526,2826,2195,3578,3624,3429,6546,1483,1108,1673,1789,1681,2938,1343,1087,1905,1835,1748,3608,9539
20231,11440700,망원2동,19167,9232,9935,2519,2088,2843,3574,3054,5089,1272,1075,1314,1729,1549,2293,1247,1013,1529,1845,1505,2796,8571
20231,11440630,신수동,21438,10501,10937,3041,2322,3282,3756,3424,5613,1548,1206,1657,1848,1724,2518,1493,1116,1625,1908,1700,3095,10213
20231,11470520,목2동,31200,15334,15866,3648,3943,5637,4998,5049,7925,1872,2161,2731,2513,2375,3682,1776,1782,2906,2485,2674,4243,13239
20231,11470560,신월1동,21328,10978,10350,2129,2294,2841,3356,3658,7050,1070,1193,1519,1852,1897,3447,1059,1101,1322,1504,1761,3603,10203
20231,11470580,신월3동,16840,8848,7992,1583,1919,2283,2450,3012,5593,839,991,1273,1348,1624,2773,744,928,1010,1102,1388,2820,8040
20231,11470620,신정1동,21578,10558,11020,3410,3489,2153,3018,4474,5034,1748,1804,1037,1306,2228,2435,1662,1685,1116,1712,2246,2599,7213
20231,11500603,가양1동,26585,12986,13599,3430,3000,5505,4597,3876,6177,1780,1470,2559,2369,1830,2978,1650,1530,2946,2228,2046,3199,20072
20231,11500510,염창동,40707,20025,20682,7548,5002,5284,7452,6860,8561,3844,2610,2476,3598,3410,4087,3704,2392,2808,3854,3450,4474,15820
20231,11530595,가리봉동,10098,5543,4555,628,795,1246,1314,2101,4014,327,408,690,781,1242,2095,301,387,556,533,859,1919,6040
20231,11530740,개봉1동,32447,16214,16233,4037,3652,4152,5067,5206,10333,1994,1917,2075,2616,2648,4964,2043,1735,2077,2451,2558,5369,14937
20231,11530530,구로2동,27306,13796,13510,2367,2709,3588,3954,4938,9750,1223,1391,1848,2148,2615,4571,1144,1318,1740,1806,2323,5179,12794
20231,11560700,대림1동,13474,6752,6722,1202,1519,1838,1892,2342,4681,622,809,971,1019,1164,2167,580,710,867,873,1178,2514,7219
20231,11560710,대림2동,13629,6736,6893,1184,1191,1870,2013,2394,4977,599,640,950,1057,1173,2317,585,551,920,956,1221,2660,6977
20231,11560650,신길3동,16658,8346,8312,1951,1749,2162,2536,2887,5373,1005,970,1107,1302,1461,2501,946,779,1055,1234,1426,2872,7653
20231,11560690,신길7동,12751,6395,6356,2034,1667,1824,2225,2169,2832,1112,828,930,1103,1113,1309,922,839,894,1122,1056,1523,7911
20231,11560620,양평2동,22099,11046,11053,3412,2348,4170,4059,3257,4853,1711,1212,2000,2087,1711,2325,1701,1136,2170,1972,1546,2528,10325
20231,11560515,영등포본동,22836,11519,11317,2860,2251,3356,3704,3643,7022,1410,1181,1707,1927,1900,3394,1450,1070,1649,1777,1743,3628,10338
20231,11620655,신원동,18403,9182,9221,1516,1893,3971,3023,2591,5409,763,948,2160,1625,1276,2410,753,945,1811,1398,1315,2999,10797
20231,11620575,행운동,25488,12516,12972,2053,2264,7397,4414,3000,6360,1036,1043,3634,2399,1527,2877,1017,1221,3763,2015,1473,3483,17137
20231,11650531,서초4동,26577,12926,13651,4743,3332,2877,4602,4876,6147,2448,1713,1303,2047,2453,2962,2295,1619,1574,2555,2423,3185,11005
20231,11680660,개포1동,6308,3041,3267,803,957,794,712,1093,1949,411,485,375,288,506,976,392,472,419,424,587,973,2465
20231,11680690,개포4동,18031,8893,9138,2179,2374,2741,2992,3259,4486,1137,1219,1332,1505,1559,2141,1042,1155,1409,1487,1700,2345,9499
20231,11680610,대치2동,40398,20450,19948,4638,8163,4534,4366,9272,9425,2599,4711,2272,1768,4369,4731,2039,3452,2262,2598,4903,4694,12986
20231,11680565,청담동,30253,14353,15900,4122,3496,4561,5329,4948,7797,2167,1864,2042,2408,2299,3573,1955,1632,2519,2921,2649,4224,11801
20231,11710632,가락2동,31488,15493,15995,4839,4251,4529,5003,5514,7352,2488,2197,2216,2383,2696,3513,2351,2054,2313,2620,2818,3839,12379
20231,11710642,문정2동,19802,9480,10322,2402,1894,3669,3390,2643,5804,1206,992,1701,1544,1247,2790,1196,902,1968,1846,1396,3014,15761
20231,11710566,오륜동,19267,9403,9864,2497,3408,2086,2332,4086,4858,1310,1813,1020,919,1968,2373,1187,1595,1066,1413,2118,2485,5956
20231,11740700,둔촌2동,27231,13469,13762,3510,3339,4023,4101,4361,7897,1861,1709,2034,2057,2121,3687,1649,1630,1989,2044,2240,4210,11040
20231,11740650,성내2동,24045,11987,12058,2366,2141,4218,4151,3636,7533,1248,1071,2112,2186,1814,3556,1118,1070,2106,1965,1822,3977,12909
20231,11110615,종로1?2?3?4가동,7051,4082,2969,384,574,927,825,1133,3208,212,185,548,492,770,1875,172,389,379,333,363,1333,5274
20231,11110515,청운효자동,13009,6104,6905,1650,1622,1661,2151,2248,3677,867,844,784,955,1046,1608,783,778,877,1196,1202,2069,5352
20231,11110560,평창동,17852,8516,9336,2118,2297,2227,2341,3213,5656,1118,1187,1155,1039,1418,2599,1000,1110,1072,1302,1795,3057,7519
20231,11140520,소공동,1350,694,656,202,72,220,316,197,343,110,25,114,169,89,187,92,47,106,147,108,156,1130
20231,11140615,신당동,7105,3650,3455,540,754,1229,1015,1309,2258,267,389,665,552,688,1089,273,365,564,463,621,1169,4635
20231,11170690,서빙고동,13291,6439,6852,1679,1939,1402,1894,2766,3611,855,993,707,857,1382,1645,824,946,695,1037,1384,1966,5326
20231,11170685,한남동,19536,9359,10177,1920,1460,3328,3596,3130,6102,1005,748,1632,1808,1500,2666,915,712,1696,1788,1630,3436,11412
20231,11170510,후암동,18208,8969,9239,2015,1972,2636,2985,3073,5527,1040,1052,1383,1512,1529,2453,975,920,1253,1473,1544,3074,8724
20231,11200670,성수2가1동,18477,9577,8900,1853,1802,2902,2880,3225,5815,953,934,1543,1525,1710,2912,900,868,1359,1355,1515,2903,8455
20231,11215810,광장동,33732,16406,17326,6320,5294,3153,5481,7151,6333,3233,2695,1550,2302,3584,3042,3087,2599,1603,3179,3567,3291,12065
20231,11230600,답십리1동,23777,11657,12120,3389,2404,3527,4216,3690,6551,1695,1232,1692,2164,1865,3009,1694,1172,1835,2052,1825,3542,12898
20231,11230570,전농2동,20201,9804,10397,2686,2399,2403,3092,3444,6177,1368,1207,1236,1448,1696,2849,1318,1192,1167,1644,1748,3328,7805
20231,11260680,신내1동,40914,20056,20858,6648,4755,5111,6509,6210,11681,3373,2477,2551,3242,2962,5451,3275,2278,2560,3267,3248,6230,14806
20231,11290660,길음1동,38001,18312,19689,7850,4026,3908,7782,6374,8061,4019,1976,1818,3614,3309,3576,3831,2050,2090,4168,3065,4485,12775
20231,11290760,장위1동,20012,9937,10075,1962,2514,2675,2679,3652,6530,981,1290,1447,1432,1779,3008,981,1224,1228,1247,1873,3522,9162
20231,11290640,정릉3동,14792,7539,7253,1392,1922,2397,1957,2172,4952,714,941,1392,1077,1134,2281,678,981,1005,880,1038,2671,8011
20231,11305555,송천동,28896,14419,14477,2573,3034,3889,4131,4974,10295,1292,1579,2046,2195,2534,4773,1281,1455,1843,1936,2440,5522,13795
20231,11305660,인수동,31270,15275,15995,3143,3363,4091,4467,5030,11176,1592,1736,2052,2375,2476,5044,1551,1627,2039,2092,2554,6132,14563
20231,11350621,중계1동,29087,14266,14821,4415,6089,2226,3616,7437,5304,2328,3239,1127,1411,3640,2521,2087,2850,1099,2205,3797,2783,9073
20231,11380552,갈현2동,28906,13918,14988,3305,3904,4085,4659,4908,8045,1750,1932,1942,2403,2341,3550,1555,1972,2143,2256,2567,4495,12643
20231,11380650,수색동,7827,3932,3895,877,836,1055,1124,1275,2660,483,431,547,608,651,1212,394,405,508,516,624,1448,4737
20231,11380631,신사1동,27669,13490,14179,3156,3143,4051,4591,4453,8275,1587,1715,1982,2333,2116,3757,1569,1428,2069,2258,2337,4518,11838
20231,11380632,신사2동,21138,10605,10533,2514,2602,2786,3284,3570,6382,1315,1423,1464,1686,1754,2963,1199,1179,1322,1598,1816,3419,9044
20231,11440590,용강동,20469,9899,10570,3636,1857,2689,4072,3287,4928,1833,928,1278,1973,1677,2210,1803,929,1411,2099,1610,2718,9300
20231,11470540,목4동,26950,13376,13574,3238,4943,3208,3726,5772,6063,1653,2772,1636,1717,2752,2846,1585,2171,1572,2009,3020,3217,10128
20231,11470570,신월2동,22442,11147,11295,2979,2455,3074,3707,3436,6791,1508,1335,1572,1910,1663,3159,1471,1120,1502,1797,1773,3632,8607
20231,11470610,신월6동,6659,3311,3348,843,882,833,1006,1097,1998,434,452,439,517,538,931,409,430,394,489,559,1067,5226
20231,11470611,신월7동,23403,11588,11815,2672,2608,3191,3660,3735,7537,1344,1369,1687,1930,1860,3398,1328,1239,1504,1730,1875,4139,9234
20231,11530750,개봉2동,34282,16893,17389,4816,3308,4671,6031,4645,10811,2486,1711,2270,3131,2235,5060,2330,1597,2401,2900,2410,5751,12605
20231,11530760,개봉3동,20217,10000,10217,2547,2230,2683,3415,3143,6199,1299,1143,1398,1782,1521,2857,1248,1087,1285,1633,1622,3342,8842
20231,11530540,구로3동,26146,13194,12952,3083,2004,6479,5459,3291,5830,1558,952,3226,3005,1762,2691,1525,1052,3253,2454,1529,3139,13227
20231,11530550,구로4동,22308,11078,11230,2201,2049,3528,3867,3515,7148,1112,1078,1694,2105,1825,3264,1089,971,1834,1762,1690,3884,10711
20231,11530790,수궁동,25143,12527,12616,3469,2798,3309,4419,3829,7319,1813,1506,1632,2258,1904,3414,1656,1292,1677,2161,1925,3905,9967
20231,11530780,오류2동,41924,20532,21392,7476,4258,5234,7688,6094,11174,3834,2190,2496,3875,3045,5092,3642,2068,2738,3813,3049,6082,15629
20231,11545630,독산3동,24757,12508,12249,2179,2669,3543,3527,4714,8125,1061,1393,1850,1934,2352,3918,1118,1276,1693,1593,2362,4207,12553
20231,11545680,시흥2동,23869,11691,12178,3450,2864,2727,3656,4055,7117,1760,1461,1438,1735,1975,3322,1690,1403,1289,1921,2080,3795,8474
20231,11590680,신대방2동,19143,9398,9745,2868,2090,3139,3472,2913,4661,1526,1051,1467,1727,1458,2169,1342,1039,1672,1745,1455,2492,9769
20231,11620585,낙성대동,15762,7962,7800,1259,1750,5057,2591,1757,3348,639,792,2678,1396,908,1549,620,958,2379,1195,849,1799,10254
20231,11620630,남현동,18394,8878,9516,2019,1683,4427,3144,2321,4800,1025,781,2131,1627,1106,2208,994,902,2296,1517,1215,2592,9538
20231,11620745,삼성동,25864,13023,12841,2197,2759,3302,3587,4371,9648,1152,1423,1799,1984,2269,4396,1045,1336,1503,1603,2102,5252,11204
20231,11620665,서림동,24645,13642,11003,1870,2532,6503,4141,3280,6319,998,1314,3999,2546,1815,2970,872,1218,2504,1595,1465,3349,15523
20231,11620725,조원동,17088,8712,8376,1496,1518,3865,2961,2464,4784,753,712,2022,1614,1303,2308,743,806,1843,1347,1161,2476,10649
20231,11680521,논현1동,23747,10982,12765,1598,1819,6239,5414,3189,5488,794,873,2732,2527,1597,2459,804,946,3507,2887,1592,3029,14400
20231,11680750,수서동,16178,7412,8766,1442,1217,2501,2412,1739,6867,707,661,1241,1350,784,2669,735,556,1260,1062,955,4198,7876
20231,11680730,일원1동,17211,8427,8784,1766,1952,2807,2464,2638,5584,921,1109,1373,1301,1241,2482,845,843,1434,1163,1397,3102,7465
20231,11710562,방이2동,24312,11851,12461,2598,2393,4748,4613,3624,6336,1383,1233,2280,2334,1715,2906,1215,1160,2468,2279,1909,3430,14550
20231,11710610,삼전동,33572,16157,17415,3699,3432,6552,6869,5112,7908,1897,1811,3056,3411,2426,3556,1802,1621,3496,3458,2686,4352,16326
20231,11740570,암사1동,35414,17674,17740,4393,3979,5039,5979,5821,10203,2225,2145,2583,3097,2910,4714,2168,1834,2456,2882,2911,5489,16172
20231,11740590,암사3동,19270,9507,9763,3668,2197,2156,3345,3154,4750,1850,1136,1096,1570,1588,2267,1818,1061,1060,1775,1566,2483,6369
20231,11740620,천호3동,21563,10905,10658,2071,1954,3683,3501,3237,7117,1055,995,1861,1924,1696,3374,1016,959,1822,1577,1541,3743,13901
20231,11110600,가회동,4350,2016,2334,404,470,553,693,753,1477,203,224,266,322,364,637,201,246,287,371,389,840,2075
20231,11110710,숭인2동,9149,4605,4544,589,885,1863,1298,1526,2988,310,397,903,688,831,1476,279,488,960,610,695,1512,6160
20231,11140665,동화동,11648,5670,5978,1522,1304,1598,1818,1976,3430,769,677,788,883,953,1600,753,627,810,935,1023,1830,4170
20231,11140540,회현동,4305,2452,1853,207,250,393,504,683,2268,101,115,206,301,434,1295,106,135,187,203,249,973,3014
20231,11200690,성수2가3동,10873,5654,5219,1104,970,1910,1775,1636,3478,553,503,971,966,898,1763,551,467,939,809,738,1715,5700
20231,11200720,송정동,11173,5944,5229,1053,1140,1765,1774,2006,3435,560,610,960,987,1105,1722,493,530,805,787,901,1713,5572
20231,11215870,구의3동,28444,13740,14704,3622,3641,4596,4446,4826,7313,1822,1861,2233,2150,2256,3418,1800,1780,2363,2296,2570,3895,12201
20231,11215830,자양2동,25781,12705,13076,3262,2913,3872,4448,4108,7178,1679,1548,1894,2241,1973,3370,1583,1365,1978,2207,2135,3808,11214
20231,11260540,면목4동,20660,10452,10208,2286,2141,2878,3493,3359,6503,1220,1129,1487,1887,1732,2997,1066,1012,1391,1606,1627,3506,8959
20231,11260620,묵1동,34443,16890,17553,4401,3952,4968,5576,5564,9982,2230,2026,2446,2807,2715,4666,2171,1926,2522,2769,2849,5316,14972
20231,11260590,상봉2동,17233,8600,8633,1520,1615,3519,2776,2688,5115,780,828,1688,1478,1360,2466,740,787,1831,1298,1328,2649,11702
20231,11290685,길음2동,11218,5450,5768,1546,1263,1443,1825,1820,3321,822,621,713,867,906,1521,724,642,730,958,914,1800,7118
20231,11290555,삼선동,23746,11430,12316,2589,2860,4002,3808,3927,6560,1354,1390,1926,1883,1945,2932,1235,1470,2076,1925,1982,3628,11689
20231,11305635,수유3동,23645,11828,11817,1845,2403,4077,3561,3875,7884,959,1241,2116,1938,1919,3655,886,1162,1961,1623,1956,4229,12998
20231,11320522,도봉2동,28223,13937,14286,3390,2634,3489,4214,4086,10410,1726,1394,1775,2173,2039,4830,1664,1240,1714,2041,2047,5580,12123
20231,11320512,창2동,30878,15185,15693,3843,3633,4318,4966,5113,9005,1965,1862,2162,2495,2507,4194,1878,1771,2156,2471,2606,4811,12458
20231,11320514,창4동,30025,14596,15429,4109,4023,3748,4464,5511,8170,2152,2064,1872,2108,2598,3802,1957,1959,1876,2356,2913,4368,10753
20231,11350630,상계1동,41426,20305,21121,5034,5397,5434,5915,7150,12496,2566,2815,2742,2889,3376,5917,2468,2582,2692,3026,3774,6579,15655
20231,11350665,상계3?4동,27744,13900,13844,2709,3226,3167,3815,4781,10046,1431,1707,1728,2001,2427,4606,1278,1519,1439,1814,2354,5440,12221
20231,11350710,상계9동,23749,11462,12287,3382,3222,2912,3781,4282,6170,1716,1716,1470,1815,2010,2735,1666,1506,1442,1966,2272,3435,8424
20231,11350560,월계1동,22187,11501,10686,2539,2913,3278,3481,3279,6697,1335,1638,1885,1788,1680,3175,1204,1275,1393,1693,1599,3522,10472
20231,11350570,월계2동,27157,13216,13941,3177,3122,3156,4213,4316,9173,1641,1628,1641,2160,2150,3996,1536,1494,1515,2053,2166,5177,12063
20231,11350612,하계2동,25187,12199,12988,3486,4080,2831,3578,4960,6252,1760,2161,1422,1638,2389,2829,1726,1919,1409,1940,2571,3423,8303
20231,11380510,녹번동,31623,15331,16292,3678,3162,4485,5312,4992,9994,1884,1621,2222,2710,2464,4430,1794,1541,2263,2602,2528,5564,17479
20231,11380600,응암3동,26254,12910,13344,2464,2854,3674,3863,4363,9036,1261,1554,1904,1988,2195,4008,1203,1300,1770,1875,2168,5028,12765
20231,11410710,북가좌1동,19466,9500,9966,2972,2129,2395,3338,3264,5368,1553,1088,1137,1631,1619,2472,1419,1041,1258,1707,1645,2896,6990
20231,11440565,공덕동,37133,17847,19286,4236,3991,6100,5899,6297,10610,2150,2001,2849,2996,3082,4769,2086,1990,3251,2903,3215,5841,18628
20231,11440730,성산2동,36249,17469,18780,5629,4319,5165,6381,6338,8417,2893,2192,2438,3016,3176,3754,2736,2127,2727,3365,3162,4663,19041
20231,11470510,목1동,27807,13405,14402,4690,4528,2851,4269,5937,5532,2378,2256,1290,1809,2981,2691,2312,2272,1561,2460,2956,2841,10556
20231,11470670,신정6동,26460,12891,13569,4076,4568,2916,3616,5692,5592,2134,2374,1386,1536,2742,2719,1942,2194,1530,2080,2950,2873,8300
20231,11470680,신정7동,31798,15590,16208,3805,4841,3704,4175,6209,9064,2028,2536,1865,1980,3031,4150,1777,2305,1839,2195,3178,4914,11604
20231,11500605,가양3동,17796,8514,9282,1855,1524,3099,2927,2299,6092,934,811,1525,1601,1107,2536,921,713,1574,1326,1192,3556,7912
20231,11500640,방화2동,23158,11434,11724,2391,2246,3695,3555,3411,7860,1244,1160,1839,1890,1762,3539,1147,1086,1856,1665,1649,4321,11644
20231,11545700,시흥4동,21890,10936,10954,2416,2562,2853,3115,3802,7142,1224,1307,1512,1594,1914,3385,1192,1255,1341,1521,1888,3757,9154
20231,11560560,당산2동,33422,15920,17502,4378,3011,7985,5837,4234,7977,2285,1418,3480,2912,2058,3767,2093,1593,4505,2925,2176,4210,18478
20231,11560660,신길4동,9364,4673,4691,857,1083,1285,1226,1607,3306,437,581,684,633,803,1535,420,502,601,593,804,1771,5042
20231,11590630,사당2동,28458,13883,14575,3654,2485,4598,5019,3855,8847,1945,1275,2189,2563,1860,4051,1709,1210,2409,2456,1995,4796,11947
20231,11620775,난곡동,29317,14862,14455,2978,3473,4067,4463,4981,9355,1542,1843,2216,2401,2480,4380,1436,1630,1851,2062,2501,4975,12972
20231,11620685,신사동,23022,11613,11409,1976,2434,4982,3783,3628,6219,1047,1224,2628,1975,1828,2911,929,1210,2354,1808,1800,3308,13680
20231,11650590,방배본동,21003,9845,11158,2997,2940,2556,3223,4043,5244,1497,1385,1176,1392,1946,2449,1500,1555,1380,1831,2097,2795,7997
20231,11650540,잠원동,26523,12794,13729,4196,3275,3497,4734,5195,5626,2188,1628,1639,2082,2619,2638,2008,1647,1858,2652,2576,2988,11449
20231,11680656,도곡2동,24138,11213,12925,4108,3805,2562,3795,5034,4834,1987,1686,1117,1609,2460,2354,2121,2119,1445,2186,2574,2480,11792
20231,11710620,가락본동,27265,13643,13622,3259,3363,4574,4217,4638,7214,1691,1771,2249,2139,2300,3493,1568,1592,2325,2078,2338,3721,12010
20231,11710641,문정1동,21688,10719,10969,2555,2597,3774,3252,3437,6073,1322,1314,1896,1647,1602,2938,1233,1283,1878,1605,1835,3135,8431
20231,11740515,강일동,34450,16815,17635,6574,4587,3459,5849,5563,8418,3415,2296,1719,2762,2782,3841,3159,2291,1740,3087,2781,4577,12960
20231,11740530,명일1동,23041,11295,11746,3304,3171,2927,3397,3918,6324,1757,1682,1471,1589,1877,2919,1547,1489,1456,1808,2041,3405,10105
20231,11740540,명일2동,18340,9201,9139,2408,2922,2336,2171,3466,5037,1304,1597,1260,930,1682,2428,1104,1325,1076,1241,1784,2609,6115
20231,11740520,상일동,8782,4429,4353,890,1242,1250,1023,1606,2771,477,624,699,503,769,1357,413,618,551,520,837,1414,11601
20231,11110550,부암동,9744,4724,5020,1001,1267,1225,1322,1772,3157,543,680,643,592,825,1441,458,587,582,730,947,1716,4389
20231,11110700,숭인1동,5812,2906,2906,619,603,775,913,1027,1875,321,312,400,477,532,864,298,291,375,436,495,1011,3038
20231,11110650,혜화동,16276,8000,8276,1506,2420,3581,2208,2318,4243,757,1126,2051,1062,1139,1865,749,1294,1530,1146,1179,2378,9367
20231,11140550,명동,2450,1251,1199,213,167,336,373,402,959,108,78,178,185,219,483,105,89,158,188,183,476,1414
20231,11140635,약수동,18461,8880,9581,2212,1575,2518,3058,2790,6308,1100,828,1233,1539,1386,2794,1112,747,1285,1519,1404,3514,7802
20231,11140645,청구동,15318,7367,7951,1734,1546,2347,2395,2405,4891,893,793,1132,1195,1181,2173,841,753,1215,1200,1224,2718,6400
20231,11170590,용문동,12606,6091,6515,1722,1299,1706,2177,2048,3654,882,671,819,1076,1027,1616,840,628,887,1101,1021,2038,5438
20231,11170580,효창동,9063,4417,4646,1115,1085,1323,1473,1510,2557,592,587,651,730,712,1145,523,498,672,743,798,1412,4373
20231,11215750,중곡2동,22019,10734,11285,2425,2400,4114,3616,3541,5923,1229,1262,1979,1803,1697,2764,1196,1138,2135,1813,1844,3159,10545
20231,11230610,답십리2동,29117,14305,14812,3440,3148,3823,4553,4911,9242,1692,1623,1962,2308,2479,4241,1748,1525,1861,2245,2432,5001,12848
20231,11230705,청량리동,19581,9755,9826,1814,1839,2592,2589,2921,7826,920,941,1387,1357,1495,3655,894,898,1205,1232,1426,4171,10036
20231,11260655,망우본동,31010,15654,15356,3103,3483,4551,4513,5212,10148,1569,1822,2309,2461,2582,4911,1534,1661,2242,2052,2630,5237,15073
20231,11260610,중화2동,26132,13508,12624,2069,2584,3831,3728,4729,9191,1095,1342,1977,2062,2518,4514,974,1242,1854,1666,2211,4677,13880
20231,11290590,돈암2동,23961,11574,12387,4048,2979,2755,3902,4333,5944,2071,1500,1339,1806,2116,2742,1977,1479,1416,2096,2217,3202,8735
20231,11290650,정릉4동,27377,13341,14036,3860,2957,3266,4707,4438,8149,2020,1513,1585,2342,2190,3691,1840,1444,1681,2365,2248,4458,10979
20231,11305575,삼각산동,34820,16934,17886,6502,4223,3366,6521,6212,7996,3342,2166,1623,3059,3190,3554,3160,2057,1743,3462,3022,4442,11742
20231,11305615,수유1동,21607,10731,10876,2108,2388,3053,3176,3458,7424,1059,1240,1560,1732,1726,3414,1049,1148,1493,1444,1732,4010,10452
20231,11305625,수유2동,21671,10645,11026,2250,2363,2768,3154,3533,7603,1181,1238,1447,1640,1732,3407,1069,1125,1321,1514,1801,4196,9731
20231,11320513,창3동,15312,7693,7619,1669,1834,1857,2287,2697,4968,878,972,971,1196,1384,2292,791,862,886,1091,1313,2676,6654
20231,11350720,상계10동,17781,8304,9477,2305,2357,2702,2817,3063,4537,1154,1184,1289,1353,1372,1952,1151,1173,1413,1464,1691,2585,7083
20231,11350625,중계2?3동,39546,18598,20948,4960,5095,4465,6352,6653,12021,2503,2573,2151,3185,3236,4950,2457,2522,2314,3167,3417,7071,15408
20231,11350624,중계4동,21511,10572,10939,2500,3261,2309,2993,4116,6332,1282,1784,1215,1483,2019,2789,1218,1477,1094,1510,2097,3543,8476
20231,11350611,하계1동,28983,13931,15052,2847,4968,3638,3407,5803,8320,1505,2772,1885,1579,2673,3517,1342,2196,1753,1828,3130,4803,11662
20231,11380560,구산동,31839,15538,16301,3849,3954,4135,4934,5329,9638,1942,1952,2040,2500,2529,4575,1907,2002,2095,2434,2800,5063,13401
20231,11380570,대조동,30107,14301,15806,2977,3148,5110,5026,4726,9120,1475,1483,2414,2562,2278,4089,1502,1665,2696,2464,2448,5031,14312
20231,11380530,불광2동,28518,13988,14530,2560,3172,4121,4223,4748,9694,1305,1684,2125,2221,2273,4380,1255,1488,1996,2002,2475,5314,13956
20231,11380580,응암1동,25166,12072,13094,3278,2619,3603,4603,4015,7048,1699,1317,1680,2255,1992,3129,1579,1302,1923,2348,2023,3919,14058
20231,11410640,홍제3동,16314,7937,8377,1634,1940,2093,2233,2871,5543,830,976,1066,1173,1425,2467,804,964,1027,1060,1446,3076,7117
20231,11440655,서강동,25284,12138,13146,3495,2763,4810,4670,3801,5745,1818,1303,2319,2232,1823,2643,1677,1460,2491,2438,1978,3102,11619
20231,11440710,연남동,17597,8305,9292,1567,1653,3875,3287,2455,4760,785,802,1810,1626,1193,2089,782,851,2065,1661,1262,2671,8854
20231,11470530,목3동,21251,10374,10877,2407,2564,3581,3392,3369,5938,1252,1449,1733,1701,1556,2683,1155,1115,1848,1691,1813,3255,10117
20231,11470650,신정4동,34659,17028,17631,3728,3810,5536,5958,5366,10261,1901,1918,2735,3089,2554,4831,1827,1892,2801,2869,2812,5430,16066
20231,11500535,등촌3동,34687,16662,18025,3605,4369,5248,4692,5433,11340,1874,2315,2651,2370,2491,4961,1731,2054,2597,2322,2942,6379,15067
20231,11500611,발산1동,39598,18904,20694,7295,5742,4050,7120,6871,8520,3667,2753,1953,3389,3335,3807,3628,2989,2097,3731,3536,4713,13523
20231,11500593,화곡8동,26703,12972,13731,3234,2595,4164,5191,3813,7706,1628,1345,2043,2676,1831,3449,1606,1250,2121,2515,1982,4257,11583
20231,11530720,고척1동,24431,12260,12171,2991,2920,3304,3725,3930,7561,1546,1542,1755,1905,1950,3562,1445,1378,1549,1820,1980,3999,9619
20231,11530520,구로1동,20644,10237,10407,3581,2254,3109,3981,3036,4683,1877,1165,1547,1976,1496,2176,1704,1089,1562,2005,1540,2507,8364
20231,11545510,가산동,18712,10409,8303,1427,1467,5073,3192,2696,4857,721,676,2864,1967,1603,2578,706,791,2209,1225,1093,2279,15924
20231,11545620,독산2동,20805,10580,10225,2021,2411,3031,2861,3976,6505,1041,1279,1611,1508,2030,3111,980,1132,1420,1353,1946,3394,9436
20231,11560670,신길5동,9645,4845,4800,948,1033,1212,1421,1656,3375,502,544,651,728,843,1577,446,489,561,693,813,1798,4997
20231,11590640,사당3동,23901,11636,12265,3182,2159,3731,4047,3321,7461,1655,1095,1785,1990,1622,3489,1527,1064,1946,2057,1699,3972,10564
20231,11620595,청룡동,27130,13262,13868,2062,2865,7843,4311,3270,6779,1049,1310,3823,2280,1680,3120,1013,1555,4020,2031,1590,3659,22229
20231,11650550,반포본동,12869,6096,6773,1787,2213,1016,1785,2967,3101,952,1066,479,670,1493,1436,835,1147,537,1115,1474,1665,4107
20231,11650600,방배1동,17063,8160,8903,2035,1884,2922,3047,2535,4640,1059,1013,1280,1487,1179,2142,976,871,1642,1560,1356,2498,7644
20231,11650610,방배2동,20416,9763,10653,2403,2439,3402,3304,3006,5862,1226,1277,1572,1607,1368,2713,1177,1162,1830,1697,1638,3149,8671
20231,11650620,방배3동,21866,10587,11279,2411,2735,3409,3060,3539,6712,1227,1455,1705,1420,1626,3154,1184,1280,1704,1640,1913,3558,8284
20231,11650651,양재1동,47758,22988,24770,8804,4536,6512,9257,6735,11914,4506,2293,3098,4476,3357,5258,4298,2243,3414,4781,3378,6656,18222
20231,11680531,논현2동,21289,9978,11311,2207,1914,4273,4501,3089,5305,1127,1004,1798,2080,1518,2451,1080,910,2475,2421,1571,2854,11676
20231,11680700,세곡동,42164,20181,21983,8556,4325,5147,8093,5849,10194,4248,2146,2376,3941,2936,4534,4308,2179,2771,4152,2913,5660,17965
20231,11680650,역삼2동,36291,17132,19159,5899,5027,4745,6988,7068,6564,3103,2358,2043,3002,3598,3028,2796,2669,2702,3986,3470,3536,15675
20231,11680740,일원2동,15370,7351,8019,1903,1699,2134,2634,2343,4657,1007,989,1059,1308,1122,1866,896,710,1075,1326,1221,2791,7357
20231,11710590,송파2동,21811,10629,11182,2867,3057,3149,3147,3653,5938,1502,1503,1563,1515,1731,2815,1365,1554,1586,1632,1922,3123,7647
20231,11710647,위례동,17776,8831,8945,4478,1873,1704,3874,3002,2845,2282,978,778,1848,1614,1331,2196,895,926,2026,1388,1514,9900
20231,11710720,잠실7동,10540,4937,5603,1365,1486,1183,1363,1838,3305,710,663,525,600,870,1569,655,823,658,763,968,1736,3465
20231,11710650,잠실본동,29377,14001,15376,2812,3137,6035,5628,4491,7274,1468,1545,2784,2763,2143,3298,1344,1592,3251,2865,2348,3976,15419
20231,11740640,성내1동,19174,9373,9801,2870,2069,2870,3425,2859,5081,1481,1076,1388,1693,1398,2337,1389,993,1482,1732,1461,2744,8258
20231,11740660,성내3동,23172,11552,11620,2733,2585,3613,4079,3726,6436,1451,1457,1833,2091,1824,2896,1282,1128,1780,1988,1902,3540,10606
20231,11110530,사직동,8486,3874,4612,1113,786,1169,1409,1384,2625,577,361,520,604,627,1185,536,425,649,805,757,1440,4758
20231,11110640,이화동,8190,3843,4347,648,843,1854,1215,1242,2388,299,384,876,616,604,1064,349,459,978,599,638,1324,4433
20231,11110680,창신2동,9581,4892,4689,685,1147,1280,1208,1936,3325,367,590,699,679,1015,1542,318,557,581,529,921,1783,4184
20231,11140650,신당5동,9927,4942,4985,1104,994,1371,1634,1774,3050,552,525,699,855,943,1368,552,469,672,779,831,1682,5386
20231,11140580,장충동,4951,2525,2426,397,677,1143,704,666,1364,215,303,674,375,328,630,182,374,469,329,338,734,2753
20231,11170520,용산2가동,10876,5217,5659,893,1039,1745,1729,1648,3822,458,539,883,886,784,1667,435,500,862,843,864,2155,5384
20231,11170570,원효로2동,14528,6847,7681,2051,1649,1837,2358,2456,4177,931,769,875,1160,1214,1898,1120,880,962,1198,1242,2279,6038
20231,11170650,이태원1동,7126,3341,3785,560,555,1173,1068,1102,2668,285,287,601,530,523,1115,275,268,572,538,579,1553,3935
20231,11170660,이태원2동,9481,4373,5108,930,742,1547,1581,1419,3262,440,375,776,760,667,1355,490,367,771,821,752,1907,5025
20231,11170555,청파동,20375,9946,10429,1731,2582,3918,3102,3294,5748,910,1180,1902,1602,1683,2669,821,1402,2016,1500,1611,3079,11102
20231,11200590,금호1가동,13659,6614,7045,1665,1480,1721,2265,2297,4231,863,775,839,1143,1133,1861,802,705,882,1122,1164,2370,6713
20231,11200620,금호4가동,14290,6889,7401,2194,1207,1947,2840,2176,3926,1128,622,917,1408,1088,1726,1066,585,1030,1432,1088,2200,6460
20231,11200540,마장동,22343,11095,11248,2462,2721,3815,3188,3593,6564,1263,1355,1924,1635,1782,3136,1199,1366,1891,1553,1811,3428,10912
20231,11200550,사근동,10998,5707,5291,896,1758,3048,1337,1335,2624,443,858,1808,730,663,1205,453,900,1240,607,672,1419,7801
20231,11200650,성수1가1동,16029,8118,7911,1966,1860,2624,2576,2819,4184,1012,950,1354,1337,1425,2040,954,910,1270,1239,1394,2144,7671
20231,11215730,군자동,19686,9799,9887,1819,2103,4378,3226,2831,5329,968,1035,2197,1686,1417,2496,851,1068,2181,1540,1414,2833,11155
20231,11215820,자양1동,21955,10732,11223,2070,2420,4128,3711,3540,6086,1088,1212,2004,1914,1724,2790,982,1208,2124,1797,1816,3296,11855
20231,11215740,중곡1동,15381,7635,7746,1457,1449,2971,2559,2452,4493,748,732,1460,1344,1224,2127,709,717,1511,1215,1228,2366,8508
20231,11230545,제기동,23990,12234,11756,2266,2361,4044,3366,3491,8462,1166,1216,2284,1793,1871,3904,1100,1145,1760,1573,1620,4558,13286
20231,11260575,면목3?8동,24806,12457,12349,2326,2716,3720,3684,4331,8029,1195,1402,1910,2000,2216,3734,1131,1314,1810,1684,2115,4295,12759
20231,11290810,석관동,33174,16605,16569,3595,3475,4707,5103,5353,10941,1909,1782,2439,2652,2662,5161,1686,1693,2268,2451,2691,5780,16697
20231,11290725,월곡2동,20500,10126,10374,2445,2460,3008,3096,3271,6220,1287,1130,1512,1583,1677,2937,1158,1330,1496,1513,1594,3283,9615
20231,11305608,번3동,20018,9619,10399,2252,2218,2115,3185,2975,7273,1117,1146,1078,1672,1510,3096,1135,1072,1037,1513,1465,4177,7579
20231,11320660,쌍문1동,21760,10668,11092,2427,2677,2694,3142,3625,7195,1213,1350,1389,1584,1800,3332,1214,1327,1305,1558,1825,3863,9441
20231,11320681,쌍문4동,19452,9326,10126,2432,2700,2553,2599,3529,5639,1229,1398,1280,1226,1594,2599,1203,1302,1273,1373,1935,3040,7196
20231,11320511,창1동,27262,13230,14032,3617,3206,3531,4409,4694,7805,1860,1652,1782,2175,2247,3514,1757,1554,1749,2234,2447,4291,10877
20231,11350580,월계3동,33913,16450,17463,5036,3197,4541,6012,4908,10219,2626,1606,2221,3107,2411,4479,2410,1591,2320,2905,2497,5740,13009
20231,11380520,불광1동,42306,20267,22039,5382,4366,5798,7094,6778,12888,2794,2171,2804,3533,3253,5712,2588,2195,2994,3561,3525,7176,17969
20231,11410555,북아현동,9826,4812,5014,1004,1068,1525,1489,1665,3075,514,540,785,784,846,1343,490,528,740,705,819,1732,7469
20231,11410660,홍은1동,20855,10192,10663,2334,2487,2575,2882,3594,6983,1186,1254,1293,1475,1790,3194,1148,1233,1282,1407,1804,3789,9716
20231,11410620,홍제1동,22602,10762,11840,2776,2531,2963,3572,3744,7016,1371,1283,1489,1756,1782,3081,1405,1248,1474,1816,1962,3935,10489
20231,11440555,아현동,21498,10283,11215,3593,1913,3580,4177,3151,5084,1763,938,1576,2144,1523,2339,1830,975,2004,2033,1628,2745,10610
20231,11470640,신정3동,47275,23338,23937,7541,6408,5441,7735,8551,11599,3904,3346,2757,3758,4208,5365,3637,3062,2684,3977,4343,6234,17831
20231,11500604,가양2동,16549,7941,8608,1103,1292,3004,2178,2034,6938,565,664,1509,1186,951,3066,538,628,1495,992,1083,3872,8052
20231,11500641,방화3동,25941,12518,13423,3158,2278,3810,4348,3737,8610,1587,1185,1861,2242,1821,3822,1571,1093,1949,2106,1916,4788,11330
20231,11500560,화곡3동,23012,11189,11823,2535,2637,3656,3449,3491,7244,1313,1331,1788,1703,1626,3428,1222,1306,1868,1746,1865,3816,9239
20231,11500591,화곡6동,24725,12166,12559,2919,2686,4111,4119,3759,7131,1488,1442,1955,2147,1815,3319,1431,1244,2156,1972,1944,3812,11873
20231,11530560,구로5동,29629,14558,15071,3632,2870,5640,5087,4342,8058,1836,1409,2650,2626,2183,3854,1796,1461,2990,2461,2159,4204,14707
20231,11530800,항동,2568,1281,1287,393,262,306,464,401,742,206,135,156,235,204,345,187,127,150,229,197,397,6135
20231,11545610,독산1동,29172,15296,13876,3132,2734,5979,4897,4234,8196,1631,1382,3328,2801,2219,3935,1501,1352,2651,2096,2015,4261,21131
20231,11545690,시흥3동,10878,5434,5444,1183,1172,1455,1575,1724,3769,554,631,763,836,868,1782,629,541,692,739,856,1987,4771
20231,11545710,시흥5동,18790,9438,9352,1946,2201,2330,2651,3299,6363,1021,1158,1236,1393,1692,2938,925,1043,1094,1258,1607,3425,9414
20231,11590510,노량진1동,30860,15434,15426,3747,3195,5559,4768,4466,9125,1914,1670,3028,2502,2233,4087,1833,1525,2531,2266,2233,5038,15709
20231,11590620,사당1동,22033,10598,11435,1793,1862,5394,3915,2741,6328,971,936,2501,2027,1308,2855,822,926,2893,1888,1433,3473,13289
20231,11590651,사당5동,11517,5667,5850,1453,1174,1916,2109,1700,3165,754,633,935,1074,841,1430,699,541,981,1035,859,1735,6600
20231,11590530,상도1동,46157,22802,23355,6111,5387,8643,7734,6209,12073,3206,2683,4614,3820,3027,5452,2905,2704,4029,3914,3182,6621,21584
20231,11590560,상도4동,28952,14335,14617,3504,3047,4725,4937,4467,8272,1825,1618,2407,2614,2127,3744,1679,1429,2318,2323,2340,4528,13804
20231,11620715,난향동,17130,8500,8630,2656,1722,1880,3239,2756,4877,1352,894,956,1627,1452,2219,1304,828,924,1612,1304,2658,6422
20231,11620525,보라매동,24290,12101,12189,2435,2474,4335,4059,3604,7383,1243,1299,2238,2141,1784,3396,1192,1175,2097,1918,1820,3987,12009
20231,11620625,인헌동,27630,13734,13896,2914,2755,6416,4783,3860,6902,1515,1377,3246,2531,1926,3139,1399,1378,3170,2252,1934,3763,13908
20231,11620545,청림동,17325,8505,8820,2838,1582,2334,3259,2482,4830,1437,793,1168,1684,1290,2133,1401,789,1166,1575,1192,2697,6553
20231,11650580,반포3동,17389,8265,9124,3107,2218,1834,3191,3274,3765,1599,1117,853,1366,1650,1680,1508,1101,981,1825,1624,2085,7739
20231,11650581,반포4동,19165,9074,10091,3161,2269,2545,3307,3180,4703,1615,1137,1167,1466,1505,2184,1546,1132,1378,1841,1675,2519,7275
20231,11710631,가락1동,735,366,369,124,100,92,114,127,178,65,61,47,57,55,81,59,39,45,57,72,97,9908
20231,11710531,거여1동,11495,5902,5593,1249,1460,1484,1672,2051,3579,651,787,816,837,1052,1759,598,673,668,835,999,1820,5510
20231,11710540,마천1동,22624,11470,11154,2754,2589,2553,3421,3852,7455,1387,1321,1356,1775,2052,3579,1367,1268,1197,1646,1800,3876,8972
20231,11710550,마천2동,19813,10146,9667,2023,2254,2525,2889,3454,6668,1038,1220,1361,1545,1797,3185,985,1034,1164,1344,1657,3483,8886
20231,11740550,고덕1동,16057,8177,7880,2594,2046,2087,2651,2709,3970,1351,1158,1101,1312,1349,1906,1243,888,986,1339,1360,2064,8800
20231,11740690,둔촌1동,25,15,10,2,5,2,1,5,10,2,3,2,0,1,7,0,2,0,1,4,3,14
20231,11110570,무악동,8491,4000,4491,1252,1071,886,1269,1557,2456,608,488,419,585,783,1117,644,583,467,684,774,1339,3189
20231,11140590,광희동,4896,2555,2341,318,334,794,651,728,2071,148,164,407,354,416,1066,170,170,387,297,312,1005,3279
20231,11170530,남영동,6632,4176,2456,322,446,947,936,1284,2697,173,237,521,597,909,1739,149,209,426,339,375,958,5384
20231,11170630,이촌1동,28057,13052,15005,5075,2937,2903,4654,4970,7518,2558,1454,1305,2014,2404,3317,2517,1483,1598,2640,2566,4201,10344
20231,11200520,왕십리2동,16917,8349,8568,2121,1846,2582,2768,2785,4815,1093,941,1274,1385,1396,2260,1028,905,1308,1383,1389,2555,7629
20231,11200790,용답동,15032,8020,7012,1151,1595,2406,2327,2793,4760,598,803,1230,1375,1598,2416,553,792,1176,952,1195,2344,6872
20231,11200560,행당1동,11784,5756,6028,1398,1245,1890,1928,1848,3475,699,632,954,959,889,1623,699,613,936,969,959,1852,6455
20231,11200570,행당2동,26603,12624,13979,4305,2910,3267,4864,4419,6838,2090,1379,1526,2335,2194,3100,2215,1531,1741,2529,2225,3738,9483
20231,11215850,구의1동,22151,10602,11549,1890,2386,4797,3917,3382,5779,968,1141,2265,1961,1659,2608,922,1245,2532,1956,1723,3171,12108
20231,11215780,능동,11129,5278,5851,1112,941,2823,2137,1384,2732,584,469,1231,1106,666,1222,528,472,1592,1031,718,1510,6510
20231,11215770,중곡4동,30966,15309,15657,3319,3868,4677,4730,5372,9000,1758,1991,2345,2467,2625,4123,1561,1877,2332,2263,2747,4877,13163
20231,11230740,이문1동,18250,9095,9155,1619,2576,3826,2437,2697,5095,848,1197,2165,1243,1339,2303,771,1379,1661,1194,1358,2792,10572
20231,11230750,이문2동,21209,10388,10821,2844,2490,2749,3259,3588,6279,1441,1241,1392,1634,1798,2882,1403,1249,1357,1625,1790,3397,8712
20231,11230710,회기동,10009,4828,5181,924,1400,2490,1481,1244,2470,458,600,1326,737,629,1078,466,800,1164,744,615,1392,6296
20231,11260520,면목2동,26072,13121,12951,2731,2813,3655,4071,4848,7954,1382,1459,1867,2186,2498,3729,1349,1354,1788,1885,2350,4225,12298
20231,11260630,묵2동,18734,9263,9471,2094,1899,2985,3167,2866,5723,1112,950,1458,1657,1452,2634,982,949,1527,1510,1414,3089,9338
20231,11290580,돈암1동,15258,7224,8034,1888,1849,2056,2245,2634,4586,921,866,1014,1106,1264,2053,967,983,1042,1139,1370,2533,6236
20231,11290780,장위3동,10387,5220,5167,1296,1210,1144,1556,1821,3360,619,633,618,780,925,1645,677,577,526,776,896,1715,7094
20231,11290630,정릉2동,23438,11571,11867,3071,2676,2870,3742,3830,7249,1624,1418,1474,1913,1850,3292,1447,1258,1396,1829,1980,3957,9882
20231,11305534,삼양동,26436,13157,13279,3148,3040,3261,4035,4517,8435,1638,1597,1697,2053,2303,3869,1510,1443,1564,1982,2214,4566,11377
20231,11305545,송중동,27542,13534,14008,2493,2865,3972,4095,4467,9650,1248,1472,2018,2155,2231,4410,1245,1393,1954,1940,2236,5240,14073
20231,11305645,우이동,20289,9917,10372,2233,2224,2519,2821,3343,7149,1175,1141,1283,1478,1597,3243,1058,1083,1236,1343,1746,3906,9647
20231,11320690,방학1동,30854,15417,15437,3224,3696,4158,4289,5280,10207,1663,1955,2183,2178,2572,4866,1561,1741,1975,2111,2708,5341,12737
20231,11350640,상계2동,21559,10678,10881,2127,3175,3037,2911,3967,6342,1095,1638,1513,1456,1933,3043,1032,1537,1524,1455,2034,3299,8798
20231,11350695,상계6?7동,36633,17204,19429,5656,4492,4867,6353,6329,8936,2927,2243,2224,3002,2966,3842,2729,2249,2643,3351,3363,5094,13946
20231,11350700,상계8동,26740,12933,13807,5513,2878,3711,5618,3861,5159,2805,1459,1721,2843,1900,2205,2708,1419,1990,2775,1961,2954,9169
20231,11350619,중계본동,26352,12942,13410,3558,5239,2411,3145,6230,5769,1842,2723,1217,1296,3019,2845,1716,2516,1194,1849,3211,2924,8624
20231,11380625,역촌동,48771,23402,25369,5902,5653,6743,8522,7962,13989,2972,2820,3208,4308,3862,6232,2930,2833,3535,4214,4100,7757,20857
20231,11380640,증산동,15115,7497,7618,1579,1677,2052,2304,2451,5052,803,873,1060,1169,1221,2371,776,804,992,1135,1230,2681,6891
20231,11410720,북가좌2동,34442,16874,17568,3869,4097,4698,5514,5653,10611,1973,2129,2393,2773,2762,4844,1896,1968,2305,2741,2891,5767,14785
20231,11410520,천연동,19842,9532,10310,3033,2060,2372,3235,3313,5829,1558,1023,1175,1571,1673,2532,1475,1037,1197,1664,1640,3297,8016
20231,11410565,충현동,17627,8593,9034,1572,2042,2756,2515,3009,5733,769,1074,1368,1276,1519,2587,803,968,1388,1239,1490,3146,10379
20231,11410655,홍제2동,15218,7313,7905,1849,1665,2078,2158,2566,4902,946,868,1000,1057,1236,2206,903,797,1078,1101,1330,2696,5908
20231,11440740,상암동,33829,16457,17372,6425,3987,3947,6338,5772,7360,3332,1979,1874,2930,3008,3334,3093,2008,2073,3408,2764,4026,12766
20231,11440660,서교동,24372,11344,13028,1920,2278,6226,4724,3321,5903,1003,1009,2800,2285,1611,2636,917,1269,3426,2439,1710,3267,14891
20231,11440720,성산1동,19859,9469,10390,2122,2145,3293,3713,3276,5310,1066,1134,1533,1780,1581,2375,1056,1011,1760,1933,1695,2935,9419
20231,11470550,목5동,44710,22223,22487,7428,7622,4515,6136,9883,9126,3987,4180,2255,2419,4916,4466,3441,3442,2260,3717,4967,4660,13578
20231,11470600,신월5동,15293,7571,7722,1975,1875,2105,2476,2584,4278,1050,961,1044,1267,1253,1996,925,914,1061,1209,1331,2282,6487
20231,11500630,방화1동,44245,21720,22525,7878,4495,5856,8138,6362,11516,3974,2302,2780,4063,3212,5389,3904,2193,3076,4075,3150,6127,17489
20231,11500615,우장산동,46018,22135,23883,7708,5727,5581,8243,7885,10874,3839,2779,2685,3810,3916,5106,3869,2948,2896,4433,3969,5768,16129
20231,11500540,화곡1동,51684,25545,26139,5313,4725,10247,9544,7194,14661,2659,2371,5090,5146,3512,6767,2654,2354,5157,4398,3682,7894,26338
20231,11530730,고척2동,28625,14298,14327,3686,3504,3510,4609,4945,8371,1894,1816,1777,2325,2462,4024,1792,1688,1733,2284,2483,4347,11610
20231,11560550,당산1동,20148,9854,10294,2408,1767,3787,3613,2776,5797,1200,866,1809,1900,1402,2677,1208,901,1978,1713,1374,3120,10797
20231,11560610,양평1동,17070,8527,8543,2398,1429,3173,3564,2231,4275,1229,720,1530,1914,1209,1925,1169,709,1643,1650,1022,2350,9134
20231,11560540,여의동,28793,13691,15102,4470,2786,3677,4639,4433,8788,2262,1390,1697,2141,2166,4035,2208,1396,1980,2498,2267,4753,13784
20231,11590670,신대방1동,25113,12292,12821,3653,3100,3317,4026,4243,6774,1889,1541,1640,1898,2143,3181,1764,1559,1677,2128,2100,3593,10234
20231,11620735,대학동,22444,13615,8829,1438,2398,6280,4087,3255,4986,732,1264,4242,2771,2150,2456,706,1134,2038,1316,1105,2530,16777
20231,11620565,성현동,32568,15918,16650,4556,3795,3837,5545,5410,9425,2352,1992,1861,2763,2723,4227,2204,1803,1976,2782,2687,5198,14122
20231,11620695,신림동,19935,10085,9850,898,1810,8114,3667,1916,3530,471,721,4113,2091,1050,1639,427,1089,4001,1576,866,1891,17289
20231,11620605,은천동,34935,17283,17652,4592,3390,5645,6212,5163,9933,2365,1725,2815,3237,2605,4536,2227,1665,2830,2975,2558,5397,15937
20231,11620615,중앙동,14535,7052,7483,1022,1433,3884,2247,1886,4063,537,647,1879,1201,974,1814,485,786,2005,1046,912,2249,9605
20231,11650660,내곡동,18416,9036,9380,3581,1529,2350,3583,2279,5094,1819,807,1118,1819,1104,2369,1762,722,1232,1764,1175,2725,7209
20231,11650520,서초2동,17183,8274,8909,2504,1780,2853,3217,2640,4189,1259,924,1302,1496,1301,1992,1245,856,1551,1721,1339,2197,9671
20231,11680670,개포2동,14194,6920,7274,1879,2386,1669,1695,2832,3733,958,1199,853,767,1299,1844,921,1187,816,928,1533,1889,8033
20231,11680600,대치1동,24865,12437,12428,4090,5027,2014,3011,6046,4677,2273,2726,939,1171,2994,2334,1817,2301,1075,1840,3052,2343,7380
20231,11680590,삼성2동,29555,14126,15429,4404,3483,4429,6173,5279,5787,2328,1943,1910,2634,2651,2660,2076,1540,2519,3539,2628,3127,13439
20231,11680545,압구정동,28557,13258,15299,4370,3214,3441,4765,4777,7990,2180,1571,1530,2100,2272,3605,2190,1643,1911,2665,2505,4385,10622
20231,11710532,거여2동,17995,8871,9124,2403,2014,2115,2930,3195,5338,1213,1043,1118,1460,1608,2429,1190,971,997,1470,1587,2909,8170
20231,11710570,오금동,36272,17898,18374,4092,4829,5417,5035,6250,10649,2131,2554,2734,2452,2926,5101,1961,2275,2683,2583,3324,5548,15693
20231,11710690,잠실4동,22970,11125,11845,4871,2151,2672,4593,3429,5254,2499,1125,1196,2108,1726,2471,2372,1026,1476,2485,1703,2783,7418
20231,11110580,교남동,4425,2085,2340,413,467,580,677,750,1538,204,241,270,338,382,650,209,226,310,339,368,888,4594
20231,11110630,종로5?6가동,5316,2910,2406,266,675,790,594,959,2032,124,412,444,352,525,1053,142,263,346,242,434,979,3392
20231,11140625,다산동,15434,7528,7906,1383,1704,2630,2409,2540,4768,712,870,1357,1227,1239,2123,671,834,1273,1182,1301,2645,6915
20231,11140680,중림동,8328,4194,4134,918,764,1160,1372,1305,2809,475,373,558,722,716,1350,443,391,602,650,589,1459,5647
20231,11140670,황학동,11965,5958,6007,1385,963,2246,2181,1768,3422,698,476,1066,1137,925,1656,687,487,1180,1044,843,1766,6918
20231,11170640,이촌2동,9521,4519,5002,1174,837,1312,1495,1432,3271,610,425,654,759,695,1376,564,412,658,736,737,1895,3847
20231,11200660,성수1가2동,14754,7371,7383,1728,1466,2718,2652,2255,3935,872,753,1333,1368,1145,1900,856,713,1385,1284,1110,2035,6504
20231,11200535,왕십리도선동,19658,9555,10103,2678,2046,3178,3237,3096,5423,1364,1018,1521,1636,1479,2537,1314,1028,1657,1601,1617,2886,12023
20231,11215860,구의2동,24579,12042,12537,3043,2860,3561,4059,4068,6988,1592,1424,1794,2057,1965,3210,1451,1436,1767,2002,2103,3778,11685
20231,11215847,자양4동,19042,9519,9523,1506,1813,3243,2917,3187,6376,732,922,1643,1549,1658,3015,774,891,1600,1368,1529,3361,9474
20231,11215710,화양동,20588,9881,10707,1020,2793,7469,2922,2219,4165,503,1119,3571,1567,1192,1929,517,1674,3898,1355,1027,2236,17039
20231,11230660,장안2동,29924,15093,14831,4640,3083,3655,5514,4813,8219,2426,1668,1858,2780,2512,3849,2214,1415,1797,2734,2301,4370,14016
20231,11260565,면목본동,34196,17176,17020,3236,3752,5530,5402,5922,10354,1623,1953,2849,2900,2989,4862,1613,1799,2681,2502,2933,5492,17765
20231,11260690,신내2동,23997,11640,12357,3218,2732,3114,3835,3977,7121,1630,1444,1546,1918,1889,3213,1588,1288,1568,1917,2088,3908,9076
20231,11260600,중화1동,20211,10001,10210,2457,2150,3204,3196,3007,6197,1232,1132,1602,1691,1439,2905,1225,1018,1602,1505,1568,3292,9121
20231,11290715,월곡1동,27636,13410,14226,4482,2793,3066,4939,4478,7878,2261,1372,1473,2418,2328,3558,2221,1421,1593,2521,2150,4320,10916
20231,11290770,장위2동,14714,7306,7408,1404,1671,1801,2020,2617,5201,706,851,942,1072,1335,2400,698,820,859,948,1282,2801,6593
20231,11290705,종암동,38996,19364,19632,5488,4454,5569,6271,6351,10863,2860,2340,2961,3093,3197,4913,2628,2114,2608,3178,3154,5950,17435
20231,11305595,번1동,19824,9799,10025,1760,2113,3156,3264,3217,6314,899,1067,1518,1704,1706,2905,861,1046,1638,1560,1511,3409,10476
20231,11320680,쌍문3동,17430,8515,8915,1800,1828,2656,2751,2735,5660,931,905,1345,1417,1329,2588,869,923,1311,1334,1406,3072,7896
20231,11350595,공릉1동,37367,18304,19063,4148,4580,6357,5940,5545,10797,2105,2294,3206,3136,2689,4874,2043,2286,3151,2804,2856,5923,18300
20231,11380690,진관동,50293,24088,26205,9460,5815,5293,8934,8416,12375,4908,2853,2404,3982,4302,5639,4552,2962,2889,4952,4114,6736,21642
20231,11410685,홍은2동,27823,13595,14228,3027,3440,3942,4030,4756,8628,1554,1749,2019,2026,2348,3899,1473,1691,1923,2004,2408,4729,12304
20231,11440690,망원1동,21608,10430,11178,2221,2223,3839,3893,3391,6041,1169,1114,1791,1949,1707,2700,1052,1109,2048,1944,1684,3341,10513
20231,11440610,염리동,10246,4948,5298,1166,1185,1553,1624,1736,2982,593,580,779,802,870,1324,573,605,774,822,866,1658,5677
20231,11470630,신정2동,21607,10722,10885,2806,3732,2345,2708,4652,5364,1469,1984,1169,1185,2312,2603,1337,1748,1176,1523,2340,2761,7141
20231,11500620,공항동,21949,11131,10818,2919,2011,3729,3870,3094,6326,1515,989,1896,2115,1613,3003,1404,1022,1833,1755,1481,3323,12784
20231,11500530,등촌2동,21918,10945,10973,2601,2735,3635,3337,3515,6095,1376,1536,1807,1709,1613,2904,1225,1199,1828,1628,1902,3191,8766
20231,11500550,화곡2동,19772,9715,10057,2662,2083,2981,3755,3063,5228,1360,1074,1490,1906,1494,2391,1302,1009,1491,1849,1569,2837,7957
20231,11500570,화곡4동,22351,11009,11342,2520,2371,3389,3998,3435,6638,1283,1259,1750,2072,1661,2984,1237,1112,1639,1926,1774,3654,9638
20231,11500590,화곡본동,36422,17852,18570,4796,3791,6201,7202,5302,9130,2484,1881,3077,3757,2660,3993,2312,1910,3124,3445,2642,5137,18579
20231,11530510,신도림동,37145,18228,18917,6689,3913,5106,7286,5347,8804,3407,2006,2384,3532,2661,4238,3282,1907,2722,3754,2686,4566,13483
20231,11530770,오류1동,20637,10158,10479,2315,2048,3699,3555,2824,6196,1148,993,1799,1903,1437,2878,1167,1055,1900,1652,1387,3318,11785
20231,11545640,독산4동,16891,8513,8378,1583,1945,2221,2461,3338,5343,791,974,1188,1246,1719,2595,792,971,1033,1215,1619,2748,7657
20231,11545670,시흥1동,34306,17230,17076,4063,3622,4961,5491,5727,10442,2110,1915,2558,2844,2904,4899,1953,1707,2403,2647,2823,5543,16124
20231,11560585,도림동,19997,10044,9953,2240,1762,3482,3541,3220,5752,1157,919,1666,1933,1668,2701,1083,843,1816,1608,1552,3051,9436
20231,11560680,신길6동,16987,8362,8625,1871,1826,2784,2621,2623,5262,967,952,1411,1335,1279,2418,904,874,1373,1286,1344,2844,9247
20231,11590520,노량진2동,13262,6766,6496,866,1393,2450,1704,2148,4701,446,717,1368,929,1120,2186,420,676,1082,775,1028,2515,7466
20231,11590660,대방동,39072,18782,20290,5061,5448,5895,6108,6895,9665,2564,2763,2806,2916,3424,4309,2497,2685,3089,3192,3471,5356,17282
20231,11590540,상도2동,24850,12037,12813,3389,2467,4324,4313,3569,6788,1739,1206,2076,2174,1776,3066,1650,1261,2248,2139,1793,3722,12575
20231,11590605,흑석동,29016,14150,14866,3467,3153,4433,4501,4483,8979,1795,1584,2299,2326,2172,3974,1672,1569,2134,2175,2311,5005,14266
20231,11620765,미성동,30775,15378,15397,3407,3509,4696,4831,4864,9468,1749,1757,2466,2566,2365,4475,1658,1752,2230,2265,2499,4993,14102
20231,11620645,서원동,22834,11713,11121,1498,2175,6237,3974,2955,5995,765,1098,3427,2221,1441,2761,733,1077,2810,1753,1514,3234,13823
20231,11680510,신사동,18137,8472,9665,2230,2121,2768,3104,3062,4852,1158,1065,1193,1372,1468,2216,1072,1056,1575,1732,1594,2636,7323
20231,11680640,역삼1동,35231,16873,18358,2250,2975,9999,8129,4726,7152,1125,1362,4509,3968,2513,3396,1125,1613,5490,4161,2213,3756,23983
20231,11680720,일원본동,25466,12646,12820,4394,3697,3009,3824,4867,5675,2369,2037,1508,1648,2364,2720,2025,1660,1501,2176,2503,2955,8146
20231,11710561,방이1동,16181,7874,8307,2081,2389,2216,2379,2998,4118,1049,1227,1108,1092,1412,1986,1032,1162,1108,1287,1586,2132,6317
20231,11710600,석촌동,34527,16735,17792,3778,3320,6899,6562,5157,8811,1895,1743,3243,3305,2517,4032,1883,1577,3656,3257,2640,4779,17072
20231,11710670,잠실2동,37790,18019,19771,8259,4848,3403,7574,7192,6514,4206,2327,1461,3208,3801,3016,4053,2521,1942,4366,3391,3498,11899
20231,11710510,풍납1동,15603,7687,7916,1648,1601,2267,2431,2520,5136,856,822,1162,1261,1239,2347,792,779,1105,1170,1281,2789,6377
20231,11740580,암사2동,14123,6943,7180,2377,1353,2086,2733,2082,3492,1232,682,990,1348,1072,1619,1145,671,1096,1385,1010,1873,6352
20231,11740600,천호1동,28380,14072,14308,3131,3131,4142,4369,4544,9063,1604,1602,2105,2274,2242,4245,1527,1529,2037,2095,2302,4818,12913
20231,11740610,천호2동,30887,15548,15339,3270,2907,4917,5232,5018,9543,1673,1555,2454,2758,2606,4502,1597,1352,2463,2474,2412,5041,17730
20224,11110650,혜화동,16276,8000,8276,1506,2420,3581,2208,2318,4243,757,1126,2051,1062,1139,1865,749,1294,1530,1146,1179,2378,9367
20224,11110515,청운효자동,13009,6104,6905,1650,1622,1661,2151,2248,3677,867,844,784,955,1046,1608,783,778,877,1196,1202,2069,5352
20224,11110530,사직동,8486,3874,4612,1113,786,1169,1409,1384,2625,577,361,520,604,627,1185,536,425,649,805,757,1440,4758
20224,11110540,삼청동,2597,1223,1374,229,258,281,394,386,1049,120,130,130,193,185,465,109,128,151,201,201,584,1340
20224,11110550,부암동,9744,4724,5020,1001,1267,1225,1322,1772,3157,543,680,643,592,825,1441,458,587,582,730,947,1716,4389
20224,11110560,평창동,17852,8516,9336,2118,2297,2227,2341,3213,5656,1118,1187,1155,1039,1418,2599,1000,1110,1072,1302,1795,3057,7519
20224,11110570,무악동,8491,4000,4491,1252,1071,886,1269,1557,2456,608,488,419,585,783,1117,644,583,467,684,774,1339,3189
20224,11110580,교남동,4425,2085,2340,413,467,580,677,750,1538,204,241,270,338,382,650,209,226,310,339,368,888,4594
20224,11110600,가회동,4350,2016,2334,404,470,553,693,753,1477,203,224,266,322,364,637,201,246,287,371,389,840,2075
20224,11110615,종로1?2?3?4가동,7051,4082,2969,384,574,927,825,1133,3208,212,185,548,492,770,1875,172,389,379,333,363,1333,5274
20224,11110630,종로5?6가동,5316,2910,2406,266,675,790,594,959,2032,124,412,444,352,525,1053,142,263,346,242,434,979,3392
20224,11110640,이화동,8190,3843,4347,648,843,1854,1215,1242,2388,299,384,876,616,604,1064,349,459,978,599,638,1324,4433
20224,11110670,창신1동,5666,3042,2624,369,535,716,683,1074,2289,187,285,414,351,592,1213,182,250,302,332,482,1076,2960
20224,11110680,창신2동,9581,4892,4689,685,1147,1280,1208,1936,3325,367,590,699,679,1015,1542,318,557,581,529,921,1783,4184
20224,11110690,창신3동,6905,3445,3460,828,790,1029,971,1162,2125,432,435,526,477,571,1004,396,355,503,494,591,1121,2911
20224,11110700,숭인1동,5812,2906,2906,619,603,775,913,1027,1875,321,312,400,477,532,864,298,291,375,436,495,1011,3038
20224,11110710,숭인2동,9149,4605,4544,589,885,1863,1298,1526,2988,310,397,903,688,831,1476,279,488,960,610,695,1512,6160
20224,11140520,소공동,1350,694,656,202,72,220,316,197,343,110,25,114,169,89,187,92,47,106,147,108,156,1130
20224,11140540,회현동,4305,2452,1853,207,250,393,504,683,2268,101,115,206,301,434,1295,106,135,187,203,249,973,3014
20224,11140550,명동,2450,1251,1199,213,167,336,373,402,959,108,78,178,185,219,483,105,89,158,188,183,476,1414
20224,11140570,필동,3851,1963,1888,290,325,680,543,572,1441,145,161,379,291,311,676,145,164,301,252,261,765,2408
20224,11140580,장충동,4951,2525,2426,397,677,1143,704,666,1364,215,303,674,375,328,630,182,374,469,329,338,734,2753
20224,11140590,광희동,4896,2555,2341,318,334,794,651,728,2071,148,164,407,354,416,1066,170,170,387,297,312,1005,3279
20224,11140605,을지로동,1457,902,555,51,75,149,135,252,795,22,38,84,83,173,502,29,37,65,52,79,293,1504
20224,11140615,신당동,7105,3650,3455,540,754,1229,1015,1309,2258,267,389,665,552,688,1089,273,365,564,463,621,1169,4635
20224,11140625,다산동,15434,7528,7906,1383,1704,2630,2409,2540,4768,712,870,1357,1227,1239,2123,671,834,1273,1182,1301,2645,6915
20224,11140635,약수동,18461,8880,9581,2212,1575,2518,3058,2790,6308,1100,828,1233,1539,1386,2794,1112,747,1285,1519,1404,3514,7802
20224,11140645,청구동,15318,7367,7951,1734,1546,2347,2395,2405,4891,893,793,1132,1195,1181,2173,841,753,1215,1200,1224,2718,6400
20224,11140650,신당5동,9927,4942,4985,1104,994,1371,1634,1774,3050,552,525,699,855,943,1368,552,469,672,779,831,1682,5386
20224,11140665,동화동,11648,5670,5978,1522,1304,1598,1818,1976,3430,769,677,788,883,953,1600,753,627,810,935,1023,1830,4170
20224,11140670,황학동,11965,5958,6007,1385,963,2246,2181,1768,3422,698,476,1066,1137,925,1656,687,487,1180,1044,843,1766,6918
20224,11140680,중림동,8328,4194,4134,918,764,1160,1372,1305,2809,475,373,558,722,716,1350,443,391,602,650,589,1459,5647
20224,11170510,후암동,18208,8969,9239,2015,1972,2636,2985,3073,5527,1040,1052,1383,1512,1529,2453,975,920,1253,1473,1544,3074,8724
20224,11170520,용산2가동,10876,5217,5659,893,1039,1745,1729,1648,3822,458,539,883,886,784,1667,435,500,862,843,864,2155,5384
20224,11170530,남영동,6632,4176,2456,322,446,947,936,1284,2697,173,237,521,597,909,1739,149,209,426,339,375,958,5384
20224,11170555,청파동,20375,9946,10429,1731,2582,3918,3102,3294,5748,910,1180,1902,1602,1683,2669,821,1402,2016,1500,1611,3079,11102
20224,11170560,원효로1동,12933,6357,6576,1938,1068,2279,2568,1818,3262,1013,525,1076,1313,917,1513,925,543,1203,1255,901,1749,8035
20224,11170570,원효로2동,14528,6847,7681,2051,1649,1837,2358,2456,4177,931,769,875,1160,1214,1898,1120,880,962,1198,1242,2279,6038
20224,11170580,효창동,9063,4417,4646,1115,1085,1323,1473,1510,2557,592,587,651,730,712,1145,523,498,672,743,798,1412,4373
20224,11170590,용문동,12606,6091,6515,1722,1299,1706,2177,2048,3654,882,671,819,1076,1027,1616,840,628,887,1101,1021,2038,5438
20224,11170625,한강로동,12463,6247,6216,1395,935,2030,2008,1870,4225,741,498,1023,1009,977,1999,654,437,1007,999,893,2226,10405
20224,11170630,이촌1동,28057,13052,15005,5075,2937,2903,4654,4970,7518,2558,1454,1305,2014,2404,3317,2517,1483,1598,2640,2566,4201,10344
20224,11170640,이촌2동,9521,4519,5002,1174,837,1312,1495,1432,3271,610,425,654,759,695,1376,564,412,658,736,737,1895,3847
20224,11170650,이태원1동,7126,3341,3785,560,555,1173,1068,1102,2668,285,287,601,530,523,1115,275,268,572,538,579,1553,3935
20224,11170660,이태원2동,9481,4373,5108,930,742,1547,1581,1419,3262,440,375,776,760,667,1355,490,367,771,821,752,1907,5025
20224,11170685,한남동,19536,9359,10177,1920,1460,3328,3596,3130,6102,1005,748,1632,1808,1500,2666,915,712,1696,1788,1630,3436,11412
20224,11170690,서빙고동,13291,6439,6852,1679,1939,1402,1894,2766,3611,855,993,707,857,1382,1645,824,946,695,1037,1384,1966,5326
20224,11170700,보광동,14985,7317,7668,1066,1497,2402,2364,2654,5002,596,815,1331,1196,1287,2092,470,682,1071,1168,1367,2910,7784
20224,11200520,왕십리2동,16917,8349,8568,2121,1846,2582,2768,2785,4815,1093,941,1274,1385,1396,2260,1028,905,1308,1383,1389,2555,7629
20224,11200535,왕십리도선동,19658,9555,10103,2678,2046,3178,3237,3096,5423,1364,1018,1521,1636,1479,2537,1314,1028,1657,1601,1617,2886,12023
20224,11200540,마장동,22343,11095,11248,2462,2721,3815,3188,3593,6564,1263,1355,1924,1635,1782,3136,1199,1366,1891,1553,1811,3428,10912
20224,11200550,사근동,10998,5707,5291,896,1758,3048,1337,1335,2624,443,858,1808,730,663,1205,453,900,1240,607,672,1419,7801
20224,11200560,행당1동,11784,5756,6028,1398,1245,1890,1928,1848,3475,699,632,954,959,889,1623,699,613,936,969,959,1852,6455
20224,11200570,행당2동,26603,12624,13979,4305,2910,3267,4864,4419,6838,2090,1379,1526,2335,2194,3100,2215,1531,1741,2529,2225,3738,9483
20224,11200580,응봉동,16178,7777,8401,2485,1830,1822,2932,2775,4334,1296,891,892,1385,1351,1962,1189,939,930,1547,1424,2372,6128
20224,11200590,금호1가동,13659,6614,7045,1665,1480,1721,2265,2297,4231,863,775,839,1143,1133,1861,802,705,882,1122,1164,2370,6713
20224,11200615,금호2?3가동,24420,11838,12582,3394,2362,3538,4495,3775,6856,1753,1209,1695,2258,1879,3044,1641,1153,1843,2237,1896,3812,10318
20224,11200620,금호4가동,14290,6889,7401,2194,1207,1947,2840,2176,3926,1128,622,917,1408,1088,1726,1066,585,1030,1432,1088,2200,6460
20224,11200645,옥수동,23133,10990,12143,3782,1902,3462,4480,3298,6209,1913,951,1584,2193,1551,2798,1869,951,1878,2287,1747,3411,11091
20224,11200650,성수1가1동,16029,8118,7911,1966,1860,2624,2576,2819,4184,1012,950,1354,1337,1425,2040,954,910,1270,1239,1394,2144,7671
20224,11200660,성수1가2동,14754,7371,7383,1728,1466,2718,2652,2255,3935,872,753,1333,1368,1145,1900,856,713,1385,1284,1110,2035,6504
20224,11200670,성수2가1동,18477,9577,8900,1853,1802,2902,2880,3225,5815,953,934,1543,1525,1710,2912,900,868,1359,1355,1515,2903,8455
20224,11200690,성수2가3동,10873,5654,5219,1104,970,1910,1775,1636,3478,553,503,971,966,898,1763,551,467,939,809,738,1715,5700
20224,11200720,송정동,11173,5944,5229,1053,1140,1765,1774,2006,3435,560,610,960,987,1105,1722,493,530,805,787,901,1713,5572
20224,11200790,용답동,15032,8020,7012,1151,1595,2406,2327,2793,4760,598,803,1230,1375,1598,2416,553,792,1176,952,1195,2344,6872
20224,11215710,화양동,20588,9881,10707,1020,2793,7469,2922,2219,4165,503,1119,3571,1567,1192,1929,517,1674,3898,1355,1027,2236,17039
20224,11215730,군자동,19686,9799,9887,1819,2103,4378,3226,2831,5329,968,1035,2197,1686,1417,2496,851,1068,2181,1540,1414,2833,11155
20224,11215740,중곡1동,15381,7635,7746,1457,1449,2971,2559,2452,4493,748,732,1460,1344,1224,2127,709,717,1511,1215,1228,2366,8508
20224,11215750,중곡2동,22019,10734,11285,2425,2400,4114,3616,3541,5923,1229,1262,1979,1803,1697,2764,1196,1138,2135,1813,1844,3159,10545
20224,11215760,중곡3동,17505,8683,8822,1756,1971,2854,2693,3080,5151,924,1001,1438,1425,1508,2387,832,970,1416,1268,1572,2764,8551
20224,11215770,중곡4동,30966,15309,15657,3319,3868,4677,4730,5372,9000,1758,1991,2345,2467,2625,4123,1561,1877,2332,2263,2747,4877,13163
20224,11215780,능동,11129,5278,5851,1112,941,2823,2137,1384,2732,584,469,1231,1106,666,1222,528,472,1592,1031,718,1510,6510
20224,11215810,광장동,33732,16406,17326,6320,5294,3153,5481,7151,6333,3233,2695,1550,2302,3584,3042,3087,2599,1603,3179,3567,3291,12065
20224,11215820,자양1동,21955,10732,11223,2070,2420,4128,3711,3540,6086,1088,1212,2004,1914,1724,2790,982,1208,2124,1797,1816,3296,11855
20224,11215830,자양2동,25781,12705,13076,3262,2913,3872,4448,4108,7178,1679,1548,1894,2241,1973,3370,1583,1365,1978,2207,2135,3808,11214
20224,11215840,자양3동,28608,13914,14694,4412,3346,4084,4620,4654,7492,2219,1737,1964,2193,2223,3578,2193,1609,2120,2427,2431,3914,11170
20224,11215847,자양4동,19042,9519,9523,1506,1813,3243,2917,3187,6376,732,922,1643,1549,1658,3015,774,891,1600,1368,1529,3361,9474
20224,11215850,구의1동,22151,10602,11549,1890,2386,4797,3917,3382,5779,968,1141,2265,1961,1659,2608,922,1245,2532,1956,1723,3171,12108
20224,11215860,구의2동,24579,12042,12537,3043,2860,3561,4059,4068,6988,1592,1424,1794,2057,1965,3210,1451,1436,1767,2002,2103,3778,11685
20224,11215870,구의3동,28444,13740,14704,3622,3641,4596,4446,4826,7313,1822,1861,2233,2150,2256,3418,1800,1780,2363,2296,2570,3895,12201
20224,11230536,용신동,25063,12915,12148,2205,2280,4500,4017,3756,8305,1155,1205,2335,2138,2024,4058,1050,1075,2165,1879,1732,4247,18390
20224,11230545,제기동,23990,12234,11756,2266,2361,4044,3366,3491,8462,1166,1216,2284,1793,1871,3904,1100,1145,1760,1573,1620,4558,13286
20224,11230560,전농1동,28613,14345,14268,3230,3245,3923,4404,4626,9185,1642,1644,2036,2312,2391,4320,1588,1601,1887,2092,2235,4865,15185
20224,11230570,전농2동,20201,9804,10397,2686,2399,2403,3092,3444,6177,1368,1207,1236,1448,1696,2849,1318,1192,1167,1644,1748,3328,7805
20224,11230600,답십리1동,23777,11657,12120,3389,2404,3527,4216,3690,6551,1695,1232,1692,2164,1865,3009,1694,1172,1835,2052,1825,3542,12898
20224,11230610,답십리2동,29117,14305,14812,3440,3148,3823,4553,4911,9242,1692,1623,1962,2308,2479,4241,1748,1525,1861,2245,2432,5001,12848
20224,11230650,장안1동,36646,18353,18293,4657,3484,5627,6449,5590,10839,2384,1777,2830,3330,2847,5185,2273,1707,2797,3119,2743,5654,18258
20224,11230660,장안2동,29924,15093,14831,4640,3083,3655,5514,4813,8219,2426,1668,1858,2780,2512,3849,2214,1415,1797,2734,2301,4370,14016
20224,11230705,청량리동,19581,9755,9826,1814,1839,2592,2589,2921,7826,920,941,1387,1357,1495,3655,894,898,1205,1232,1426,4171,10036
20224,11230710,회기동,10009,4828,5181,924,1400,2490,1481,1244,2470,458,600,1326,737,629,1078,466,800,1164,744,615,1392,6296
20224,11230720,휘경1동,12887,6407,6480,973,1597,2619,1873,1939,3886,504,751,1338,1015,1028,1771,469,846,1281,858,911,2115,7186
20224,11230730,휘경2동,23906,11788,12118,2807,3382,4055,3533,3700,6429,1440,1548,2249,1775,1815,2961,1367,1834,1806,1758,1885,3468,11851
20224,11230740,이문1동,18250,9095,9155,1619,2576,3826,2437,2697,5095,848,1197,2165,1243,1339,2303,771,1379,1661,1194,1358,2792,10572
20224,11230750,이문2동,21209,10388,10821,2844,2490,2749,3259,3588,6279,1441,1241,1392,1634,1798,2882,1403,1249,1357,1625,1790,3397,8712
20224,11260520,면목2동,26072,13121,12951,2731,2813,3655,4071,4848,7954,1382,1459,1867,2186,2498,3729,1349,1354,1788,1885,2350,4225,12298
20224,11260540,면목4동,20660,10452,10208,2286,2141,2878,3493,3359,6503,1220,1129,1487,1887,1732,2997,1066,1012,1391,1606,1627,3506,8959
20224,11260550,면목5동,9670,4934,4736,1070,1044,1436,1407,1739,2974,538,530,759,724,921,1462,532,514,677,683,818,1512,6602
20224,11260565,면목본동,34196,17176,17020,3236,3752,5530,5402,5922,10354,1623,1953,2849,2900,2989,4862,1613,1799,2681,2502,2933,5492,17765
20224,11260570,면목7동,22266,11109,11157,2282,2236,3376,3406,3605,7361,1175,1174,1710,1788,1788,3474,1107,1062,1666,1618,1817,3887,10708
20224,11260575,면목3?8동,24806,12457,12349,2326,2716,3720,3684,4331,8029,1195,1402,1910,2000,2216,3734,1131,1314,1810,1684,2115,4295,12759
20224,11260580,상봉1동,25886,12691,13195,3534,3345,3605,3787,4419,7196,1810,1754,1808,1849,2134,3336,1724,1591,1797,1938,2285,3860,10297
20224,11260590,상봉2동,17233,8600,8633,1520,1615,3519,2776,2688,5115,780,828,1688,1478,1360,2466,740,787,1831,1298,1328,2649,11702
20224,11260600,중화1동,20211,10001,10210,2457,2150,3204,3196,3007,6197,1232,1132,1602,1691,1439,2905,1225,1018,1602,1505,1568,3292,9121
20224,11260610,중화2동,26132,13508,12624,2069,2584,3831,3728,4729,9191,1095,1342,1977,2062,2518,4514,974,1242,1854,1666,2211,4677,13880
20224,11260620,묵1동,34443,16890,17553,4401,3952,4968,5576,5564,9982,2230,2026,2446,2807,2715,4666,2171,1926,2522,2769,2849,5316,14972
20224,11260630,묵2동,18734,9263,9471,2094,1899,2985,3167,2866,5723,1112,950,1458,1657,1452,2634,982,949,1527,1510,1414,3089,9338
20224,11260655,망우본동,31010,15654,15356,3103,3483,4551,4513,5212,10148,1569,1822,2309,2461,2582,4911,1534,1661,2242,2052,2630,5237,15073
20224,11260660,망우3동,17398,8668,8730,1738,2131,2406,2443,3186,5494,870,1058,1218,1266,1632,2624,868,1073,1188,1177,1554,2870,8431
20224,11260680,신내1동,40914,20056,20858,6648,4755,5111,6509,6210,11681,3373,2477,2551,3242,2962,5451,3275,2278,2560,3267,3248,6230,14806
20224,11260690,신내2동,23997,11640,12357,3218,2732,3114,3835,3977,7121,1630,1444,1546,1918,1889,3213,1588,1288,1568,1917,2088,3908,9076
20224,11290525,성북동,16414,7796,8618,1579,1848,2708,2549,2769,4961,797,935,1242,1239,1354,2229,782,913,1466,1310,1415,2732,8225
20224,11290555,삼선동,23746,11430,12316,2589,2860,4002,3808,3927,6560,1354,1390,1926,1883,1945,2932,1235,1470,2076,1925,1982,3628,11689
20224,11290575,동선동,15848,6935,8913,1341,2137,3951,2371,2138,3910,681,763,1593,1133,1055,1710,660,1374,2358,1238,1083,2200,9347
20224,11290580,돈암1동,15258,7224,8034,1888,1849,2056,2245,2634,4586,921,866,1014,1106,1264,2053,967,983,1042,1139,1370,2533,6236
20224,11290590,돈암2동,23961,11574,12387,4048,2979,2755,3902,4333,5944,2071,1500,1339,1806,2116,2742,1977,1479,1416,2096,2217,3202,8735
20224,11290600,안암동,5435,2811,2624,330,892,1483,672,719,1339,176,429,845,380,361,620,154,463,638,292,358,719,9202
20224,11290610,보문동,12473,6081,6392,1213,1405,2252,1975,2071,3557,591,696,1156,1020,1003,1615,622,709,1096,955,1068,1942,7827
20224,11290620,정릉1동,18977,9182,9795,2796,2165,2373,3198,3103,5342,1408,1089,1150,1555,1543,2437,1388,1076,1223,1643,1560,2905,7502
20224,11290630,정릉2동,23438,11571,11867,3071,2676,2870,3742,3830,7249,1624,1418,1474,1913,1850,3292,1447,1258,1396,1829,1980,3957,9882
20224,11290640,정릉3동,14792,7539,7253,1392,1922,2397,1957,2172,4952,714,941,1392,1077,1134,2281,678,981,1005,880,1038,2671,8011
20224,11290650,정릉4동,27377,13341,14036,3860,2957,3266,4707,4438,8149,2020,1513,1585,2342,2190,3691,1840,1444,1681,2365,2248,4458,10979
20224,11290660,길음1동,38001,18312,19689,7850,4026,3908,7782,6374,8061,4019,1976,1818,3614,3309,3576,3831,2050,2090,4168,3065,4485,12775
20224,11290685,길음2동,11218,5450,5768,1546,1263,1443,1825,1820,3321,822,621,713,867,906,1521,724,642,730,958,914,1800,7118
20224,11290705,종암동,38996,19364,19632,5488,4454,5569,6271,6351,10863,2860,2340,2961,3093,3197,4913,2628,2114,2608,3178,3154,5950,17435
20224,11290715,월곡1동,27636,13410,14226,4482,2793,3066,4939,4478,7878,2261,1372,1473,2418,2328,3558,2221,1421,1593,2521,2150,4320,10916
20224,11290725,월곡2동,20500,10126,10374,2445,2460,3008,3096,3271,6220,1287,1130,1512,1583,1677,2937,1158,1330,1496,1513,1594,3283,9615
20224,11290760,장위1동,20012,9937,10075,1962,2514,2675,2679,3652,6530,981,1290,1447,1432,1779,3008,981,1224,1228,1247,1873,3522,9162
20224,11290770,장위2동,14714,7306,7408,1404,1671,1801,2020,2617,5201,706,851,942,1072,1335,2400,698,820,859,948,1282,2801,6593
20224,11290780,장위3동,10387,5220,5167,1296,1210,1144,1556,1821,3360,619,633,618,780,925,1645,677,577,526,776,896,1715,7094
20224,11290810,석관동,33174,16605,16569,3595,3475,4707,5103,5353,10941,1909,1782,2439,2652,2662,5161,1686,1693,2268,2451,2691,5780,16697
20224,11305534,삼양동,26436,13157,13279,3148,3040,3261,4035,4517,8435,1638,1597,1697,2053,2303,3869,1510,1443,1564,1982,2214,4566,11377
20224,11305535,미아동,22868,11145,11723,1933,2521,3584,3363,3789,7678,1015,1224,1797,1749,1857,3503,918,1297,1787,1614,1932,4175,11775
20224,11305545,송중동,27542,13534,14008,2493,2865,3972,4095,4467,9650,1248,1472,2018,2155,2231,4410,1245,1393,1954,1940,2236,5240,14073
20224,11305555,송천동,28896,14419,14477,2573,3034,3889,4131,4974,10295,1292,1579,2046,2195,2534,4773,1281,1455,1843,1936,2440,5522,13795
20224,11305575,삼각산동,34820,16934,17886,6502,4223,3366,6521,6212,7996,3342,2166,1623,3059,3190,3554,3160,2057,1743,3462,3022,4442,11742
20224,11305595,번1동,19824,9799,10025,1760,2113,3156,3264,3217,6314,899,1067,1518,1704,1706,2905,861,1046,1638,1560,1511,3409,10476
20224,11305603,번2동,18104,8873,9231,1653,2107,2237,2680,2937,6490,885,1082,1201,1424,1447,2834,768,1025,1036,1256,1490,3656,7659
20224,11305608,번3동,20018,9619,10399,2252,2218,2115,3185,2975,7273,1117,1146,1078,1672,1510,3096,1135,1072,1037,1513,1465,4177,7579
20224,11305615,수유1동,21607,10731,10876,2108,2388,3053,3176,3458,7424,1059,1240,1560,1732,1726,3414,1049,1148,1493,1444,1732,4010,10452
20224,11305625,수유2동,21671,10645,11026,2250,2363,2768,3154,3533,7603,1181,1238,1447,1640,1732,3407,1069,1125,1321,1514,1801,4196,9731
20224,11305635,수유3동,23645,11828,11817,1845,2403,4077,3561,3875,7884,959,1241,2116,1938,1919,3655,886,1162,1961,1623,1956,4229,12998
20224,11305645,우이동,20289,9917,10372,2233,2224,2519,2821,3343,7149,1175,1141,1283,1478,1597,3243,1058,1083,1236,1343,1746,3906,9647
20224,11305660,인수동,31270,15275,15995,3143,3363,4091,4467,5030,11176,1592,1736,2052,2375,2476,5044,1551,1627,2039,2092,2554,6132,14563
20224,11320511,창1동,27262,13230,14032,3617,3206,3531,4409,4694,7805,1860,1652,1782,2175,2247,3514,1757,1554,1749,2234,2447,4291,10877
20224,11320512,창2동,30878,15185,15693,3843,3633,4318,4966,5113,9005,1965,1862,2162,2495,2507,4194,1878,1771,2156,2471,2606,4811,12458
20224,11320513,창3동,15312,7693,7619,1669,1834,1857,2287,2697,4968,878,972,971,1196,1384,2292,791,862,886,1091,1313,2676,6654
20224,11320514,창4동,30025,14596,15429,4109,4023,3748,4464,5511,8170,2152,2064,1872,2108,2598,3802,1957,1959,1876,2356,2913,4368,10753
20224,11320515,창5동,26631,12984,13647,3271,3232,3858,3912,4352,8006,1702,1629,1938,1925,2062,3728,1569,1603,1920,1987,2290,4278,10266
20224,11320521,도봉1동,22048,11169,10879,1818,2320,2697,2993,3551,8669,904,1233,1422,1656,1809,4145,914,1087,1275,1337,1742,4524,10426
20224,11320522,도봉2동,28223,13937,14286,3390,2634,3489,4214,4086,10410,1726,1394,1775,2173,2039,4830,1664,1240,1714,2041,2047,5580,12123
20224,11320660,쌍문1동,21760,10668,11092,2427,2677,2694,3142,3625,7195,1213,1350,1389,1584,1800,3332,1214,1327,1305,1558,1825,3863,9441
20224,11320670,쌍문2동,20146,9775,10371,2204,2424,2861,2911,3259,6487,1176,1244,1442,1500,1510,2903,1028,1180,1419,1411,1749,3584,8673
20224,11320680,쌍문3동,17430,8515,8915,1800,1828,2656,2751,2735,5660,931,905,1345,1417,1329,2588,869,923,1311,1334,1406,3072,7896
20224,11320681,쌍문4동,19452,9326,10126,2432,2700,2553,2599,3529,5639,1229,1398,1280,1226,1594,2599,1203,1302,1273,1373,1935,3040,7196
20224,11320690,방학1동,30854,15417,15437,3224,3696,4158,4289,5280,10207,1663,1955,2183,2178,2572,4866,1561,1741,1975,2111,2708,5341,12737
20224,11320700,방학2동,21677,10994,10683,2110,2751,2631,3002,3910,7273,1106,1472,1462,1560,2031,3363,1004,1279,1169,1442,1879,3910,9509
20224,11320710,방학3동,29657,14581,15076,4025,3818,3768,3973,5190,8883,2139,2076,1997,1817,2460,4092,1886,1742,1771,2156,2730,4791,10068
20224,11350560,월계1동,22187,11501,10686,2539,2913,3278,3481,3279,6697,1335,1638,1885,1788,1680,3175,1204,1275,1393,1693,1599,3522,10472
20224,11350570,월계2동,27157,13216,13941,3177,3122,3156,4213,4316,9173,1641,1628,1641,2160,2150,3996,1536,1494,1515,2053,2166,5177,12063
20224,11350580,월계3동,33913,16450,17463,5036,3197,4541,6012,4908,10219,2626,1606,2221,3107,2411,4479,2410,1591,2320,2905,2497,5740,13009
20224,11350595,공릉1동,37367,18304,19063,4148,4580,6357,5940,5545,10797,2105,2294,3206,3136,2689,4874,2043,2286,3151,2804,2856,5923,18300
20224,11350600,공릉2동,41090,20272,20818,6353,5977,5335,6608,7025,9792,3320,3039,2713,3149,3479,4572,3033,2938,2622,3459,3546,5220,16502
20224,11350611,하계1동,28983,13931,15052,2847,4968,3638,3407,5803,8320,1505,2772,1885,1579,2673,3517,1342,2196,1753,1828,3130,4803,11662
20224,11350612,하계2동,25187,12199,12988,3486,4080,2831,3578,4960,6252,1760,2161,1422,1638,2389,2829,1726,1919,1409,1940,2571,3423,8303
20224,11350619,중계본동,26352,12942,13410,3558,5239,2411,3145,6230,5769,1842,2723,1217,1296,3019,2845,1716,2516,1194,1849,3211,2924,8624
20224,11350621,중계1동,29087,14266,14821,4415,6089,2226,3616,7437,5304,2328,3239,1127,1411,3640,2521,2087,2850,1099,2205,3797,2783,9073
20224,11350624,중계4동,21511,10572,10939,2500,3261,2309,2993,4116,6332,1282,1784,1215,1483,2019,2789,1218,1477,1094,1510,2097,3543,8476
20224,11350625,중계2?3동,39546,18598,20948,4960,5095,4465,6352,6653,12021,2503,2573,2151,3185,3236,4950,2457,2522,2314,3167,3417,7071,15408
20224,11350630,상계1동,41426,20305,21121,5034,5397,5434,5915,7150,12496,2566,2815,2742,2889,3376,5917,2468,2582,2692,3026,3774,6579,15655
20224,11350640,상계2동,21559,10678,10881,2127,3175,3037,2911,3967,6342,1095,1638,1513,1456,1933,3043,1032,1537,1524,1455,2034,3299,8798
20224,11350665,상계3?4동,27744,13900,13844,2709,3226,3167,3815,4781,10046,1431,1707,1728,2001,2427,4606,1278,1519,1439,1814,2354,5440,12221
20224,11350670,상계5동,27306,13262,14044,2786,3621,3429,3830,4865,8775,1423,1875,1758,1919,2321,3966,1363,1746,1671,1911,2544,4809,11023
20224,11350695,상계6?7동,36633,17204,19429,5656,4492,4867,6353,6329,8936,2927,2243,2224,3002,2966,3842,2729,2249,2643,3351,3363,5094,13946
20224,11350700,상계8동,26740,12933,13807,5513,2878,3711,5618,3861,5159,2805,1459,1721,2843,1900,2205,2708,1419,1990,2775,1961,2954,9169
20224,11350710,상계9동,23749,11462,12287,3382,3222,2912,3781,4282,6170,1716,1716,1470,1815,2010,2735,1666,1506,1442,1966,2272,3435,8424
20224,11350720,상계10동,17781,8304,9477,2305,2357,2702,2817,3063,4537,1154,1184,1289,1353,1372,1952,1151,1173,1413,1464,1691,2585,7083
20224,11380510,녹번동,31623,15331,16292,3678,3162,4485,5312,4992,9994,1884,1621,2222,2710,2464,4430,1794,1541,2263,2602,2528,5564,17479
20224,11380520,불광1동,42306,20267,22039,5382,4366,5798,7094,6778,12888,2794,2171,2804,3533,3253,5712,2588,2195,2994,3561,3525,7176,17969
20224,11380530,불광2동,28518,13988,14530,2560,3172,4121,4223,4748,9694,1305,1684,2125,2221,2273,4380,1255,1488,1996,2002,2475,5314,13956
20224,11380551,갈현1동,24611,12052,12559,2292,3101,3666,3565,4136,7851,1223,1625,1865,1832,1961,3546,1069,1476,1801,1733,2175,4305,11152
20224,11380552,갈현2동,28906,13918,14988,3305,3904,4085,4659,4908,8045,1750,1932,1942,2403,2341,3550,1555,1972,2143,2256,2567,4495,12643
20224,11380560,구산동,31839,15538,16301,3849,3954,4135,4934,5329,9638,1942,1952,2040,2500,2529,4575,1907,2002,2095,2434,2800,5063,13401
20224,11380570,대조동,30107,14301,15806,2977,3148,5110,5026,4726,9120,1475,1483,2414,2562,2278,4089,1502,1665,2696,2464,2448,5031,14312
20224,11380580,응암1동,25166,12072,13094,3278,2619,3603,4603,4015,7048,1699,1317,1680,2255,1992,3129,1579,1302,1923,2348,2023,3919,14058
20224,11380590,응암2동,17038,8318,8720,2981,1761,1907,3498,2632,4259,1547,936,911,1739,1293,1892,1434,825,996,1759,1339,2367,11005
20224,11380600,응암3동,26254,12910,13344,2464,2854,3674,3863,4363,9036,1261,1554,1904,1988,2195,4008,1203,1300,1770,1875,2168,5028,12765
20224,11380625,역촌동,48771,23402,25369,5902,5653,6743,8522,7962,13989,2972,2820,3208,4308,3862,6232,2930,2833,3535,4214,4100,7757,20857
20224,11380631,신사1동,27669,13490,14179,3156,3143,4051,4591,4453,8275,1587,1715,1982,2333,2116,3757,1569,1428,2069,2258,2337,4518,11838
20224,11380632,신사2동,21138,10605,10533,2514,2602,2786,3284,3570,6382,1315,1423,1464,1686,1754,2963,1199,1179,1322,1598,1816,3419,9044
20224,11380640,증산동,15115,7497,7618,1579,1677,2052,2304,2451,5052,803,873,1060,1169,1221,2371,776,804,992,1135,1230,2681,6891
20224,11380650,수색동,7827,3932,3895,877,836,1055,1124,1275,2660,483,431,547,608,651,1212,394,405,508,516,624,1448,4737
20224,11380690,진관동,50293,24088,26205,9460,5815,5293,8934,8416,12375,4908,2853,2404,3982,4302,5639,4552,2962,2889,4952,4114,6736,21642
20224,11410520,천연동,19842,9532,10310,3033,2060,2372,3235,3313,5829,1558,1023,1175,1571,1673,2532,1475,1037,1197,1664,1640,3297,8016
20224,11410555,북아현동,9826,4812,5014,1004,1068,1525,1489,1665,3075,514,540,785,784,846,1343,490,528,740,705,819,1732,7469
20224,11410565,충현동,17627,8593,9034,1572,2042,2756,2515,3009,5733,769,1074,1368,1276,1519,2587,803,968,1388,1239,1490,3146,10379
20224,11410585,신촌동,17521,8062,9459,1229,2308,5614,2464,2053,3853,632,873,2618,1206,1016,1717,597,1435,2996,1258,1037,2136,13316
20224,11410615,연희동,37904,18494,19410,3647,4374,7331,5594,5889,11069,1895,2169,3864,2708,2877,4981,1752,2205,3467,2886,3012,6088,18862
20224,11410620,홍제1동,22602,10762,11840,2776,2531,2963,3572,3744,7016,1371,1283,1489,1756,1782,3081,1405,1248,1474,1816,1962,3935,10489
20224,11410640,홍제3동,16314,7937,8377,1634,1940,2093,2233,2871,5543,830,976,1066,1173,1425,2467,804,964,1027,1060,1446,3076,7117
20224,11410655,홍제2동,15218,7313,7905,1849,1665,2078,2158,2566,4902,946,868,1000,1057,1236,2206,903,797,1078,1101,1330,2696,5908
20224,11410660,홍은1동,20855,10192,10663,2334,2487,2575,2882,3594,6983,1186,1254,1293,1475,1790,3194,1148,1233,1282,1407,1804,3789,9716
20224,11410685,홍은2동,27823,13595,14228,3027,3440,3942,4030,4756,8628,1554,1749,2019,2026,2348,3899,1473,1691,1923,2004,2408,4729,12304
20224,11410690,남가좌1동,15986,7764,8222,3613,1451,1914,3347,2318,3343,1820,732,865,1662,1140,1545,1793,719,1049,1685,1178,1798,5889
20224,11410700,남가좌2동,22912,11218,11694,2675,2758,3108,3356,3901,7114,1372,1377,1643,1683,1947,3196,1303,1381,1465,1673,1954,3918,13308
20224,11410710,북가좌1동,19466,9500,9966,2972,2129,2395,3338,3264,5368,1553,1088,1137,1631,1619,2472,1419,1041,1258,1707,1645,2896,6990
20224,11410720,북가좌2동,34442,16874,17568,3869,4097,4698,5514,5653,10611,1973,2129,2393,2773,2762,4844,1896,1968,2305,2741,2891,5767,14785
20224,11440555,아현동,21498,10283,11215,3593,1913,3580,4177,3151,5084,1763,938,1576,2144,1523,2339,1830,975,2004,2033,1628,2745,10610
20224,11440565,공덕동,37133,17847,19286,4236,3991,6100,5899,6297,10610,2150,2001,2849,2996,3082,4769,2086,1990,3251,2903,3215,5841,18628
20224,11440585,도화동,22198,10672,11526,2826,2195,3578,3624,3429,6546,1483,1108,1673,1789,1681,2938,1343,1087,1905,1835,1748,3608,9539
20224,11440590,용강동,20469,9899,10570,3636,1857,2689,4072,3287,4928,1833,928,1278,1973,1677,2210,1803,929,1411,2099,1610,2718,9300
20224,11440600,대흥동,11549,5625,5924,845,1412,2592,1756,1685,3259,449,613,1293,895,883,1492,396,799,1299,861,802,1767,8385
20224,11440610,염리동,10246,4948,5298,1166,1185,1553,1624,1736,2982,593,580,779,802,870,1324,573,605,774,822,866,1658,5677
20224,11440630,신수동,21438,10501,10937,3041,2322,3282,3756,3424,5613,1548,1206,1657,1848,1724,2518,1493,1116,1625,1908,1700,3095,10213
20224,11440655,서강동,25284,12138,13146,3495,2763,4810,4670,3801,5745,1818,1303,2319,2232,1823,2643,1677,1460,2491,2438,1978,3102,11619
20224,11440660,서교동,24372,11344,13028,1920,2278,6226,4724,3321,5903,1003,1009,2800,2285,1611,2636,917,1269,3426,2439,1710,3267,14891
20224,11440680,합정동,18775,8925,9850,2120,1885,4100,3414,2504,4752,1109,899,1831,1748,1216,2122,1011,986,2269,1666,1288,2630,10285
20224,11440690,망원1동,21608,10430,11178,2221,2223,3839,3893,3391,6041,1169,1114,1791,1949,1707,2700,1052,1109,2048,1944,1684,3341,10513
20224,11440700,망원2동,19167,9232,9935,2519,2088,2843,3574,3054,5089,1272,1075,1314,1729,1549,2293,1247,1013,1529,1845,1505,2796,8571
20224,11440710,연남동,17597,8305,9292,1567,1653,3875,3287,2455,4760,785,802,1810,1626,1193,2089,782,851,2065,1661,1262,2671,8854
20224,11440720,성산1동,19859,9469,10390,2122,2145,3293,3713,3276,5310,1066,1134,1533,1780,1581,2375,1056,1011,1760,1933,1695,2935,9419
20224,11440730,성산2동,36249,17469,18780,5629,4319,5165,6381,6338,8417,2893,2192,2438,3016,3176,3754,2736,2127,2727,3365,3162,4663,19041
20224,11440740,상암동,33829,16457,17372,6425,3987,3947,6338,5772,7360,3332,1979,1874,2930,3008,3334,3093,2008,2073,3408,2764,4026,12766
20224,11470510,목1동,27807,13405,14402,4690,4528,2851,4269,5937,5532,2378,2256,1290,1809,2981,2691,2312,2272,1561,2460,2956,2841,10556
20224,11470520,목2동,31200,15334,15866,3648,3943,5637,4998,5049,7925,1872,2161,2731,2513,2375,3682,1776,1782,2906,2485,2674,4243,13239
20224,11470530,목3동,21251,10374,10877,2407,2564,3581,3392,3369,5938,1252,1449,1733,1701,1556,2683,1155,1115,1848,1691,1813,3255,10117
20224,11470540,목4동,26950,13376,13574,3238,4943,3208,3726,5772,6063,1653,2772,1636,1717,2752,2846,1585,2171,1572,2009,3020,3217,10128
20224,11470550,목5동,44710,22223,22487,7428,7622,4515,6136,9883,9126,3987,4180,2255,2419,4916,4466,3441,3442,2260,3717,4967,4660,13578
20224,11470560,신월1동,21328,10978,10350,2129,2294,2841,3356,3658,7050,1070,1193,1519,1852,1897,3447,1059,1101,1322,1504,1761,3603,10203
20224,11470570,신월2동,22442,11147,11295,2979,2455,3074,3707,3436,6791,1508,1335,1572,1910,1663,3159,1471,1120,1502,1797,1773,3632,8607
20224,11470580,신월3동,16840,8848,7992,1583,1919,2283,2450,3012,5593,839,991,1273,1348,1624,2773,744,928,1010,1102,1388,2820,8040
20224,11470590,신월4동,18943,9302,9641,2976,2118,2293,3394,2839,5323,1500,1103,1137,1688,1386,2488,1476,1015,1156,1706,1453,2835,6961
20224,11470600,신월5동,15293,7571,7722,1975,1875,2105,2476,2584,4278,1050,961,1044,1267,1253,1996,925,914,1061,1209,1331,2282,6487
20224,11470610,신월6동,6659,3311,3348,843,882,833,1006,1097,1998,434,452,439,517,538,931,409,430,394,489,559,1067,5226
20224,11470611,신월7동,23403,11588,11815,2672,2608,3191,3660,3735,7537,1344,1369,1687,1930,1860,3398,1328,1239,1504,1730,1875,4139,9234
20224,11470620,신정1동,21578,10558,11020,3410,3489,2153,3018,4474,5034,1748,1804,1037,1306,2228,2435,1662,1685,1116,1712,2246,2599,7213
20224,11470630,신정2동,21607,10722,10885,2806,3732,2345,2708,4652,5364,1469,1984,1169,1185,2312,2603,1337,1748,1176,1523,2340,2761,7141
20224,11470640,신정3동,47275,23338,23937,7541,6408,5441,7735,8551,11599,3904,3346,2757,3758,4208,5365,3637,3062,2684,3977,4343,6234,17831
20224,11470650,신정4동,34659,17028,17631,3728,3810,5536,5958,5366,10261,1901,1918,2735,3089,2554,4831,1827,1892,2801,2869,2812,5430,16066
20224,11470670,신정6동,26460,12891,13569,4076,4568,2916,3616,5692,5592,2134,2374,1386,1536,2742,2719,1942,2194,1530,2080,2950,2873,8300
20224,11470680,신정7동,31798,15590,16208,3805,4841,3704,4175,6209,9064,2028,2536,1865,1980,3031,4150,1777,2305,1839,2195,3178,4914,11604
20224,11500510,염창동,40707,20025,20682,7548,5002,5284,7452,6860,8561,3844,2610,2476,3598,3410,4087,3704,2392,2808,3854,3450,4474,15820
20224,11500520,등촌1동,21207,10029,11178,2527,2129,5026,3720,2970,4835,1332,1068,2050,1901,1428,2250,1195,1061,2976,1819,1542,2585,13153
20224,11500530,등촌2동,21918,10945,10973,2601,2735,3635,3337,3515,6095,1376,1536,1807,1709,1613,2904,1225,1199,1828,1628,1902,3191,8766
20224,11500535,등촌3동,34687,16662,18025,3605,4369,5248,4692,5433,11340,1874,2315,2651,2370,2491,4961,1731,2054,2597,2322,2942,6379,15067
20224,11500540,화곡1동,51684,25545,26139,5313,4725,10247,9544,7194,14661,2659,2371,5090,5146,3512,6767,2654,2354,5157,4398,3682,7894,26338
20224,11500550,화곡2동,19772,9715,10057,2662,2083,2981,3755,3063,5228,1360,1074,1490,1906,1494,2391,1302,1009,1491,1849,1569,2837,7957
20224,11500560,화곡3동,23012,11189,11823,2535,2637,3656,3449,3491,7244,1313,1331,1788,1703,1626,3428,1222,1306,1868,1746,1865,3816,9239
20224,11500570,화곡4동,22351,11009,11342,2520,2371,3389,3998,3435,6638,1283,1259,1750,2072,1661,2984,1237,1112,1639,1926,1774,3654,9638
20224,11500590,화곡본동,36422,17852,18570,4796,3791,6201,7202,5302,9130,2484,1881,3077,3757,2660,3993,2312,1910,3124,3445,2642,5137,18579
20224,11500591,화곡6동,24725,12166,12559,2919,2686,4111,4119,3759,7131,1488,1442,1955,2147,1815,3319,1431,1244,2156,1972,1944,3812,11873
20224,11500593,화곡8동,26703,12972,13731,3234,2595,4164,5191,3813,7706,1628,1345,2043,2676,1831,3449,1606,1250,2121,2515,1982,4257,11583
20224,11500603,가양1동,26585,12986,13599,3430,3000,5505,4597,3876,6177,1780,1470,2559,2369,1830,2978,1650,1530,2946,2228,2046,3199,20072
20224,11500604,가양2동,16549,7941,8608,1103,1292,3004,2178,2034,6938,565,664,1509,1186,951,3066,538,628,1495,992,1083,3872,8052
20224,11500605,가양3동,17796,8514,9282,1855,1524,3099,2927,2299,6092,934,811,1525,1601,1107,2536,921,713,1574,1326,1192,3556,7912
20224,11500611,발산1동,39598,18904,20694,7295,5742,4050,7120,6871,8520,3667,2753,1953,3389,3335,3807,3628,2989,2097,3731,3536,4713,13523
20224,11500615,우장산동,46018,22135,23883,7708,5727,5581,8243,7885,10874,3839,2779,2685,3810,3916,5106,3869,2948,2896,4433,3969,5768,16129
20224,11500620,공항동,21949,11131,10818,2919,2011,3729,3870,3094,6326,1515,989,1896,2115,1613,3003,1404,1022,1833,1755,1481,3323,12784
20224,11500630,방화1동,44245,21720,22525,7878,4495,5856,8138,6362,11516,3974,2302,2780,4063,3212,5389,3904,2193,3076,4075,3150,6127,17489
20224,11500640,방화2동,23158,11434,11724,2391,2246,3695,3555,3411,7860,1244,1160,1839,1890,1762,3539,1147,1086,1856,1665,1649,4321,11644
20224,11500641,방화3동,25941,12518,13423,3158,2278,3810,4348,3737,8610,1587,1185,1861,2242,1821,3822,1571,1093,1949,2106,1916,4788,11330
20224,11530510,신도림동,37145,18228,18917,6689,3913,5106,7286,5347,8804,3407,2006,2384,3532,2661,4238,3282,1907,2722,3754,2686,4566,13483
20224,11530520,구로1동,20644,10237,10407,3581,2254,3109,3981,3036,4683,1877,1165,1547,1976,1496,2176,1704,1089,1562,2005,1540,2507,8364
20224,11530530,구로2동,27306,13796,13510,2367,2709,3588,3954,4938,9750,1223,1391,1848,2148,2615,4571,1144,1318,1740,1806,2323,5179,12794
20224,11530540,구로3동,26146,13194,12952,3083,2004,6479,5459,3291,5830,1558,952,3226,3005,1762,2691,1525,1052,3253,2454,1529,3139,13227
20224,11530550,구로4동,22308,11078,11230,2201,2049,3528,3867,3515,7148,1112,1078,1694,2105,1825,3264,1089,971,1834,1762,1690,3884,10711
20224,11530560,구로5동,29629,14558,15071,3632,2870,5640,5087,4342,8058,1836,1409,2650,2626,2183,3854,1796,1461,2990,2461,2159,4204,14707
20224,11530595,가리봉동,10098,5543,4555,628,795,1246,1314,2101,4014,327,408,690,781,1242,2095,301,387,556,533,859,1919,6040
20224,11530720,고척1동,24431,12260,12171,2991,2920,3304,3725,3930,7561,1546,1542,1755,1905,1950,3562,1445,1378,1549,1820,1980,3999,9619
20224,11530730,고척2동,28625,14298,14327,3686,3504,3510,4609,4945,8371,1894,1816,1777,2325,2462,4024,1792,1688,1733,2284,2483,4347,11610
20224,11530740,개봉1동,32447,16214,16233,4037,3652,4152,5067,5206,10333,1994,1917,2075,2616,2648,4964,2043,1735,2077,2451,2558,5369,14937
20224,11530750,개봉2동,34282,16893,17389,4816,3308,4671,6031,4645,10811,2486,1711,2270,3131,2235,5060,2330,1597,2401,2900,2410,5751,12605
20224,11530760,개봉3동,20217,10000,10217,2547,2230,2683,3415,3143,6199,1299,1143,1398,1782,1521,2857,1248,1087,1285,1633,1622,3342,8842
20224,11530770,오류1동,20637,10158,10479,2315,2048,3699,3555,2824,6196,1148,993,1799,1903,1437,2878,1167,1055,1900,1652,1387,3318,11785
20224,11530780,오류2동,41924,20532,21392,7476,4258,5234,7688,6094,11174,3834,2190,2496,3875,3045,5092,3642,2068,2738,3813,3049,6082,15629
20224,11530790,수궁동,25143,12527,12616,3469,2798,3309,4419,3829,7319,1813,1506,1632,2258,1904,3414,1656,1292,1677,2161,1925,3905,9967
20224,11530800,항동,2568,1281,1287,393,262,306,464,401,742,206,135,156,235,204,345,187,127,150,229,197,397,6135
20224,11545510,가산동,18712,10409,8303,1427,1467,5073,3192,2696,4857,721,676,2864,1967,1603,2578,706,791,2209,1225,1093,2279,15924
20224,11545610,독산1동,29172,15296,13876,3132,2734,5979,4897,4234,8196,1631,1382,3328,2801,2219,3935,1501,1352,2651,2096,2015,4261,21131
20224,11545620,독산2동,20805,10580,10225,2021,2411,3031,2861,3976,6505,1041,1279,1611,1508,2030,3111,980,1132,1420,1353,1946,3394,9436
20224,11545630,독산3동,24757,12508,12249,2179,2669,3543,3527,4714,8125,1061,1393,1850,1934,2352,3918,1118,1276,1693,1593,2362,4207,12553
20224,11545640,독산4동,16891,8513,8378,1583,1945,2221,2461,3338,5343,791,974,1188,1246,1719,2595,792,971,1033,1215,1619,2748,7657
20224,11545670,시흥1동,34306,17230,17076,4063,3622,4961,5491,5727,10442,2110,1915,2558,2844,2904,4899,1953,1707,2403,2647,2823,5543,16124
20224,11545680,시흥2동,23869,11691,12178,3450,2864,2727,3656,4055,7117,1760,1461,1438,1735,1975,3322,1690,1403,1289,1921,2080,3795,8474
20224,11545690,시흥3동,10878,5434,5444,1183,1172,1455,1575,1724,3769,554,631,763,836,868,1782,629,541,692,739,856,1987,4771
20224,11545700,시흥4동,21890,10936,10954,2416,2562,2853,3115,3802,7142,1224,1307,1512,1594,1914,3385,1192,1255,1341,1521,1888,3757,9154
20224,11545710,시흥5동,18790,9438,9352,1946,2201,2330,2651,3299,6363,1021,1158,1236,1393,1692,2938,925,1043,1094,1258,1607,3425,9414
20224,11560515,영등포본동,22836,11519,11317,2860,2251,3356,3704,3643,7022,1410,1181,1707,1927,1900,3394,1450,1070,1649,1777,1743,3628,10338
20224,11560535,영등포동,17225,9669,7556,1321,1246,4403,2760,2387,5108,712,594,2328,1604,1504,2927,609,652,2075,1156,883,2181,18953
20224,11560540,여의동,28793,13691,15102,4470,2786,3677,4639,4433,8788,2262,1390,1697,2141,2166,4035,2208,1396,1980,2498,2267,4753,13784
20224,11560550,당산1동,20148,9854,10294,2408,1767,3787,3613,2776,5797,1200,866,1809,1900,1402,2677,1208,901,1978,1713,1374,3120,10797
20224,11560560,당산2동,33422,15920,17502,4378,3011,7985,5837,4234,7977,2285,1418,3480,2912,2058,3767,2093,1593,4505,2925,2176,4210,18478
20224,11560585,도림동,19997,10044,9953,2240,1762,3482,3541,3220,5752,1157,919,1666,1933,1668,2701,1083,843,1816,1608,1552,3051,9436
20224,11560605,문래동,32692,16240,16452,5883,2908,4556,6497,4586,8262,3068,1482,2113,3238,2398,3941,2815,1426,2443,3259,2188,4321,13355
20224,11560610,양평1동,17070,8527,8543,2398,1429,3173,3564,2231,4275,1229,720,1530,1914,1209,1925,1169,709,1643,1650,1022,2350,9134
20224,11560620,양평2동,22099,11046,11053,3412,2348,4170,4059,3257,4853,1711,1212,2000,2087,1711,2325,1701,1136,2170,1972,1546,2528,10325
20224,11560630,신길1동,17202,8741,8461,1359,1604,3260,2733,2678,5568,697,830,1740,1524,1414,2536,662,774,1520,1209,1264,3032,10413
20224,11560650,신길3동,16658,8346,8312,1951,1749,2162,2536,2887,5373,1005,970,1107,1302,1461,2501,946,779,1055,1234,1426,2872,7653
20224,11560660,신길4동,9364,4673,4691,857,1083,1285,1226,1607,3306,437,581,684,633,803,1535,420,502,601,593,804,1771,5042
20224,11560670,신길5동,9645,4845,4800,948,1033,1212,1421,1656,3375,502,544,651,728,843,1577,446,489,561,693,813,1798,4997
20224,11560680,신길6동,16987,8362,8625,1871,1826,2784,2621,2623,5262,967,952,1411,1335,1279,2418,904,874,1373,1286,1344,2844,9247
20224,11560690,신길7동,12751,6395,6356,2034,1667,1824,2225,2169,2832,1112,828,930,1103,1113,1309,922,839,894,1122,1056,1523,7911
20224,11560700,대림1동,13474,6752,6722,1202,1519,1838,1892,2342,4681,622,809,971,1019,1164,2167,580,710,867,873,1178,2514,7219
20224,11560710,대림2동,13629,6736,6893,1184,1191,1870,2013,2394,4977,599,640,950,1057,1173,2317,585,551,920,956,1221,2660,6977
20224,11560720,대림3동,24878,12593,12285,2951,2612,3688,3838,4191,7598,1512,1410,1929,1991,2128,3623,1439,1202,1759,1847,2063,3975,10429
20224,11590510,노량진1동,30860,15434,15426,3747,3195,5559,4768,4466,9125,1914,1670,3028,2502,2233,4087,1833,1525,2531,2266,2233,5038,15709
20224,11590520,노량진2동,13262,6766,6496,866,1393,2450,1704,2148,4701,446,717,1368,929,1120,2186,420,676,1082,775,1028,2515,7466
20224,11590530,상도1동,46157,22802,23355,6111,5387,8643,7734,6209,12073,3206,2683,4614,3820,3027,5452,2905,2704,4029,3914,3182,6621,21584
20224,11590540,상도2동,24850,12037,12813,3389,2467,4324,4313,3569,6788,1739,1206,2076,2174,1776,3066,1650,1261,2248,2139,1793,3722,12575
20224,11590550,상도3동,25055,12231,12824,2752,2624,4230,4303,3767,7379,1421,1357,2106,2184,1816,3347,1331,1267,2124,2119,1951,4032,12051
20224,11590560,상도4동,28952,14335,14617,3504,3047,4725,4937,4467,8272,1825,1618,2407,2614,2127,3744,1679,1429,2318,2323,2340,4528,13804
20224,11590605,흑석동,29016,14150,14866,3467,3153,4433,4501,4483,8979,1795,1584,2299,2326,2172,3974,1672,1569,2134,2175,2311,5005,14266
20224,11590620,사당1동,22033,10598,11435,1793,1862,5394,3915,2741,6328,971,936,2501,2027,1308,2855,822,926,2893,1888,1433,3473,13289
20224,11590630,사당2동,28458,13883,14575,3654,2485,4598,5019,3855,8847,1945,1275,2189,2563,1860,4051,1709,1210,2409,2456,1995,4796,11947
20224,11590640,사당3동,23901,11636,12265,3182,2159,3731,4047,3321,7461,1655,1095,1785,1990,1622,3489,1527,1064,1946,2057,1699,3972,10564
20224,11590650,사당4동,14300,6955,7345,1501,1358,2548,2557,2026,4310,775,711,1247,1331,970,1921,726,647,1301,1226,1056,2389,7154
20224,11590651,사당5동,11517,5667,5850,1453,1174,1916,2109,1700,3165,754,633,935,1074,841,1430,699,541,981,1035,859,1735,6600
20224,11590660,대방동,39072,18782,20290,5061,5448,5895,6108,6895,9665,2564,2763,2806,2916,3424,4309,2497,2685,3089,3192,3471,5356,17282
20224,11590670,신대방1동,25113,12292,12821,3653,3100,3317,4026,4243,6774,1889,1541,1640,1898,2143,3181,1764,1559,1677,2128,2100,3593,10234
20224,11590680,신대방2동,19143,9398,9745,2868,2090,3139,3472,2913,4661,1526,1051,1467,1727,1458,2169,1342,1039,1672,1745,1455,2492,9769
20224,11620525,보라매동,24290,12101,12189,2435,2474,4335,4059,3604,7383,1243,1299,2238,2141,1784,3396,1192,1175,2097,1918,1820,3987,12009
20224,11620545,청림동,17325,8505,8820,2838,1582,2334,3259,2482,4830,1437,793,1168,1684,1290,2133,1401,789,1166,1575,1192,2697,6553
20224,11620565,성현동,32568,15918,16650,4556,3795,3837,5545,5410,9425,2352,1992,1861,2763,2723,4227,2204,1803,1976,2782,2687,5198,14122
20224,11620575,행운동,25488,12516,12972,2053,2264,7397,4414,3000,6360,1036,1043,3634,2399,1527,2877,1017,1221,3763,2015,1473,3483,17137
20224,11620585,낙성대동,15762,7962,7800,1259,1750,5057,2591,1757,3348,639,792,2678,1396,908,1549,620,958,2379,1195,849,1799,10254
20224,11620595,청룡동,27130,13262,13868,2062,2865,7843,4311,3270,6779,1049,1310,3823,2280,1680,3120,1013,1555,4020,2031,1590,3659,22229
20224,11620605,은천동,34935,17283,17652,4592,3390,5645,6212,5163,9933,2365,1725,2815,3237,2605,4536,2227,1665,2830,2975,2558,5397,15937
20224,11620615,중앙동,14535,7052,7483,1022,1433,3884,2247,1886,4063,537,647,1879,1201,974,1814,485,786,2005,1046,912,2249,9605
20224,11620625,인헌동,27630,13734,13896,2914,2755,6416,4783,3860,6902,1515,1377,3246,2531,1926,3139,1399,1378,3170,2252,1934,3763,13908
20224,11620630,남현동,18394,8878,9516,2019,1683,4427,3144,2321,4800,1025,781,2131,1627,1106,2208,994,902,2296,1517,1215,2592,9538
20224,11620645,서원동,22834,11713,11121,1498,2175,6237,3974,2955,5995,765,1098,3427,2221,1441,2761,733,1077,2810,1753,1514,3234,13823
20224,11620655,신원동,18403,9182,9221,1516,1893,3971,3023,2591,5409,763,948,2160,1625,1276,2410,753,945,1811,1398,1315,2999,10797
20224,11620665,서림동,24645,13642,11003,1870,2532,6503,4141,3280,6319,998,1314,3999,2546,1815,2970,872,1218,2504,1595,1465,3349,15523
20224,11620685,신사동,23022,11613,11409,1976,2434,4982,3783,3628,6219,1047,1224,2628,1975,1828,2911,929,1210,2354,1808,1800,3308,13680
20224,11620695,신림동,19935,10085,9850,898,1810,8114,3667,1916,3530,471,721,4113,2091,1050,1639,427,1089,4001,1576,866,1891,17289
20224,11620715,난향동,17130,8500,8630,2656,1722,1880,3239,2756,4877,1352,894,956,1627,1452,2219,1304,828,924,1612,1304,2658,6422
20224,11620725,조원동,17088,8712,8376,1496,1518,3865,2961,2464,4784,753,712,2022,1614,1303,2308,743,806,1843,1347,1161,2476,10649
20224,11620735,대학동,22444,13615,8829,1438,2398,6280,4087,3255,4986,732,1264,4242,2771,2150,2456,706,1134,2038,1316,1105,2530,16777
20224,11620745,삼성동,25864,13023,12841,2197,2759,3302,3587,4371,9648,1152,1423,1799,1984,2269,4396,1045,1336,1503,1603,2102,5252,11204
20224,11620765,미성동,30775,15378,15397,3407,3509,4696,4831,4864,9468,1749,1757,2466,2566,2365,4475,1658,1752,2230,2265,2499,4993,14102
20224,11620775,난곡동,29317,14862,14455,2978,3473,4067,4463,4981,9355,1542,1843,2216,2401,2480,4380,1436,1630,1851,2062,2501,4975,12972
20224,11650510,서초1동,20781,10038,10743,2874,2259,3393,3806,3207,5242,1462,1185,1588,1789,1566,2448,1412,1074,1805,2017,1641,2794,9350
20224,11650520,서초2동,17183,8274,8909,2504,1780,2853,3217,2640,4189,1259,924,1302,1496,1301,1992,1245,856,1551,1721,1339,2197,9671
20224,11650530,서초3동,25750,12651,13099,2777,3369,4322,3916,4468,6898,1443,1922,2005,1884,2138,3259,1334,1447,2317,2032,2330,3639,14565
20224,11650531,서초4동,26577,12926,13651,4743,3332,2877,4602,4876,6147,2448,1713,1303,2047,2453,2962,2295,1619,1574,2555,2423,3185,11005
20224,11650540,잠원동,26523,12794,13729,4196,3275,3497,4734,5195,5626,2188,1628,1639,2082,2619,2638,2008,1647,1858,2652,2576,2988,11449
20224,11650550,반포본동,12869,6096,6773,1787,2213,1016,1785,2967,3101,952,1066,479,670,1493,1436,835,1147,537,1115,1474,1665,4107
20224,11650560,반포1동,28508,13708,14800,4562,2729,4889,5931,4491,5906,2352,1305,2191,2783,2369,2708,2210,1424,2698,3148,2122,3198,14274
20224,11650570,반포2동,12641,5976,6665,3055,1544,996,2301,2282,2463,1538,736,439,929,1211,1123,1517,808,557,1372,1071,1340,5109
20224,11650580,반포3동,17389,8265,9124,3107,2218,1834,3191,3274,3765,1599,1117,853,1366,1650,1680,1508,1101,981,1825,1624,2085,7739
20224,11650581,반포4동,19165,9074,10091,3161,2269,2545,3307,3180,4703,1615,1137,1167,1466,1505,2184,1546,1132,1378,1841,1675,2519,7275
20224,11650590,방배본동,21003,9845,11158,2997,2940,2556,3223,4043,5244,1497,1385,1176,1392,1946,2449,1500,1555,1380,1831,2097,2795,7997
20224,11650600,방배1동,17063,8160,8903,2035,1884,2922,3047,2535,4640,1059,1013,1280,1487,1179,2142,976,871,1642,1560,1356,2498,7644
20224,11650610,방배2동,20416,9763,10653,2403,2439,3402,3304,3006,5862,1226,1277,1572,1607,1368,2713,1177,1162,1830,1697,1638,3149,8671
20224,11650620,방배3동,21866,10587,11279,2411,2735,3409,3060,3539,6712,1227,1455,1705,1420,1626,3154,1184,1280,1704,1640,1913,3558,8284
20224,11650621,방배4동,22692,10501,12191,3087,2951,3345,3775,4029,5505,1533,1342,1424,1736,1899,2567,1554,1609,1921,2039,2130,2938,9812
20224,11650651,양재1동,47758,22988,24770,8804,4536,6512,9257,6735,11914,4506,2293,3098,4476,3357,5258,4298,2243,3414,4781,3378,6656,18222
20224,11650652,양재2동,23406,11715,11691,2936,2189,4501,4623,3628,5529,1511,1142,2274,2380,1850,2558,1425,1047,2227,2243,1778,2971,10829
20224,11650660,내곡동,18416,9036,9380,3581,1529,2350,3583,2279,5094,1819,807,1118,1819,1104,2369,1762,722,1232,1764,1175,2725,7209
20224,11680510,신사동,18137,8472,9665,2230,2121,2768,3104,3062,4852,1158,1065,1193,1372,1468,2216,1072,1056,1575,1732,1594,2636,7323
20224,11680521,논현1동,23747,10982,12765,1598,1819,6239,5414,3189,5488,794,873,2732,2527,1597,2459,804,946,3507,2887,1592,3029,14400
20224,11680531,논현2동,21289,9978,11311,2207,1914,4273,4501,3089,5305,1127,1004,1798,2080,1518,2451,1080,910,2475,2421,1571,2854,11676
20224,11680545,압구정동,28557,13258,15299,4370,3214,3441,4765,4777,7990,2180,1571,1530,2100,2272,3605,2190,1643,1911,2665,2505,4385,10622
20224,11680565,청담동,30253,14353,15900,4122,3496,4561,5329,4948,7797,2167,1864,2042,2408,2299,3573,1955,1632,2519,2921,2649,4224,11801
20224,11680580,삼성1동,12969,6444,6525,1536,1706,1937,2050,2251,3489,801,1055,941,946,1050,1651,735,651,996,1104,1201,1838,5675
20224,11680590,삼성2동,29555,14126,15429,4404,3483,4429,6173,5279,5787,2328,1943,1910,2634,2651,2660,2076,1540,2519,3539,2628,3127,13439
20224,11680600,대치1동,24865,12437,12428,4090,5027,2014,3011,6046,4677,2273,2726,939,1171,2994,2334,1817,2301,1075,1840,3052,2343,7380
20224,11680610,대치2동,40398,20450,19948,4638,8163,4534,4366,9272,9425,2599,4711,2272,1768,4369,4731,2039,3452,2262,2598,4903,4694,12986
20224,11680630,대치4동,20756,9812,10944,1732,3513,3550,3669,4333,3959,926,1833,1564,1593,2032,1864,806,1680,1986,2076,2301,2095,10328
20224,11680640,역삼1동,35231,16873,18358,2250,2975,9999,8129,4726,7152,1125,1362,4509,3968,2513,3396,1125,1613,5490,4161,2213,3756,23983
20224,11680650,역삼2동,36291,17132,19159,5899,5027,4745,6988,7068,6564,3103,2358,2043,3002,3598,3028,2796,2669,2702,3986,3470,3536,15675
20224,11680655,도곡1동,21644,10277,11367,3153,2714,3349,3405,3672,5351,1522,1327,1533,1560,1761,2574,1631,1387,1816,1845,1911,2777,8661
20224,11680656,도곡2동,24138,11213,12925,4108,3805,2562,3795,5034,4834,1987,1686,1117,1609,2460,2354,2121,2119,1445,2186,2574,2480,11792
20224,11680660,개포1동,6308,3041,3267,803,957,794,712,1093,1949,411,485,375,288,506,976,392,472,419,424,587,973,2465
20224,11680670,개포2동,14194,6920,7274,1879,2386,1669,1695,2832,3733,958,1199,853,767,1299,1844,921,1187,816,928,1533,1889,8033
20224,11680690,개포4동,18031,8893,9138,2179,2374,2741,2992,3259,4486,1137,1219,1332,1505,1559,2141,1042,1155,1409,1487,1700,2345,9499
20224,11680700,세곡동,42164,20181,21983,8556,4325,5147,8093,5849,10194,4248,2146,2376,3941,2936,4534,4308,2179,2771,4152,2913,5660,17965
20224,11680720,일원본동,25466,12646,12820,4394,3697,3009,3824,4867,5675,2369,2037,1508,1648,2364,2720,2025,1660,1501,2176,2503,2955,8146
20224,11680730,일원1동,17211,8427,8784,1766,1952,2807,2464,2638,5584,921,1109,1373,1301,1241,2482,845,843,1434,1163,1397,3102,7465
20224,11680740,일원2동,15370,7351,8019,1903,1699,2134,2634,2343,4657,1007,989,1059,1308,1122,1866,896,710,1075,1326,1221,2791,7357
20224,11680750,수서동,16178,7412,8766,1442,1217,2501,2412,1739,6867,707,661,1241,1350,784,2669,735,556,1260,1062,955,4198,7876
20224,11710510,풍납1동,15603,7687,7916,1648,1601,2267,2431,2520,5136,856,822,1162,1261,1239,2347,792,779,1105,1170,1281,2789,6377
20224,11710520,풍납2동,23982,11544,12438,3437,2599,3845,4232,3662,6207,1765,1320,1733,2016,1803,2907,1672,1279,2112,2216,1859,3300,11071
20224,11710531,거여1동,11495,5902,5593,1249,1460,1484,1672,2051,3579,651,787,816,837,1052,1759,598,673,668,835,999,1820,5510
20224,11710532,거여2동,17995,8871,9124,2403,2014,2115,2930,3195,5338,1213,1043,1118,1460,1608,2429,1190,971,997,1470,1587,2909,8170
20224,11710540,마천1동,22624,11470,11154,2754,2589,2553,3421,3852,7455,1387,1321,1356,1775,2052,3579,1367,1268,1197,1646,1800,3876,8972
20224,11710550,마천2동,19813,10146,9667,2023,2254,2525,2889,3454,6668,1038,1220,1361,1545,1797,3185,985,1034,1164,1344,1657,3483,8886
20224,11710561,방이1동,16181,7874,8307,2081,2389,2216,2379,2998,4118,1049,1227,1108,1092,1412,1986,1032,1162,1108,1287,1586,2132,6317
20224,11710562,방이2동,24312,11851,12461,2598,2393,4748,4613,3624,6336,1383,1233,2280,2334,1715,2906,1215,1160,2468,2279,1909,3430,14550
20224,11710566,오륜동,19267,9403,9864,2497,3408,2086,2332,4086,4858,1310,1813,1020,919,1968,2373,1187,1595,1066,1413,2118,2485,5956
20224,11710570,오금동,36272,17898,18374,4092,4829,5417,5035,6250,10649,2131,2554,2734,2452,2926,5101,1961,2275,2683,2583,3324,5548,15693
20224,11710580,송파1동,26130,12457,13673,2738,2670,5469,4806,3752,6695,1361,1316,2514,2366,1776,3124,1377,1354,2955,2440,1976,3571,12434
20224,11710590,송파2동,21811,10629,11182,2867,3057,3149,3147,3653,5938,1502,1503,1563,1515,1731,2815,1365,1554,1586,1632,1922,3123,7647
20224,11710600,석촌동,34527,16735,17792,3778,3320,6899,6562,5157,8811,1895,1743,3243,3305,2517,4032,1883,1577,3656,3257,2640,4779,17072
20224,11710610,삼전동,33572,16157,17415,3699,3432,6552,6869,5112,7908,1897,1811,3056,3411,2426,3556,1802,1621,3496,3458,2686,4352,16326
20224,11710620,가락본동,27265,13643,13622,3259,3363,4574,4217,4638,7214,1691,1771,2249,2139,2300,3493,1568,1592,2325,2078,2338,3721,12010
20224,11710631,가락1동,735,366,369,124,100,92,114,127,178,65,61,47,57,55,81,59,39,45,57,72,97,9908
20224,11710632,가락2동,31488,15493,15995,4839,4251,4529,5003,5514,7352,2488,2197,2216,2383,2696,3513,2351,2054,2313,2620,2818,3839,12379
20224,11710641,문정1동,21688,10719,10969,2555,2597,3774,3252,3437,6073,1322,1314,1896,1647,1602,2938,1233,1283,1878,1605,1835,3135,8431
20224,11710642,문정2동,19802,9480,10322,2402,1894,3669,3390,2643,5804,1206,992,1701,1544,1247,2790,1196,902,1968,1846,1396,3014,15761
20224,11710646,장지동,32060,15550,16510,4985,3976,4238,5573,5156,8132,2532,2036,2123,2766,2453,3640,2453,1940,2115,2807,2703,4492,12080
20224,11710647,위례동,17776,8831,8945,4478,1873,1704,3874,3002,2845,2282,978,778,1848,1614,1331,2196,895,926,2026,1388,1514,9900
20224,11710650,잠실본동,29377,14001,15376,2812,3137,6035,5628,4491,7274,1468,1545,2784,2763,2143,3298,1344,1592,3251,2865,2348,3976,15419
20224,11710670,잠실2동,37790,18019,19771,8259,4848,3403,7574,7192,6514,4206,2327,1461,3208,3801,3016,4053,2521,1942,4366,3391,3498,11899
20224,11710680,잠실3동,37310,17936,19374,6137,4464,4630,6051,6002,10026,3245,2189,2144,2724,2901,4733,2892,2275,2486,3327,3101,5293,12130
20224,11710690,잠실4동,22970,11125,11845,4871,2151,2672,4593,3429,5254,2499,1125,1196,2108,1726,2471,2372,1026,1476,2485,1703,2783,7418
20224,11710710,잠실6동,16882,8015,8867,2347,2101,2356,2362,2763,4953,1158,1051,1127,1045,1265,2369,1189,1050,1229,1317,1498,2584,5983
20224,11710720,잠실7동,10540,4937,5603,1365,1486,1183,1363,1838,3305,710,663,525,600,870,1569,655,823,658,763,968,1736,3465
20224,11740515,강일동,34450,16815,17635,6574,4587,3459,5849,5563,8418,3415,2296,1719,2762,2782,3841,3159,2291,1740,3087,2781,4577,12960
20224,11740520,상일동,8782,4429,4353,890,1242,1250,1023,1606,2771,477,624,699,503,769,1357,413,618,551,520,837,1414,11601
20224,11740530,명일1동,23041,11295,11746,3304,3171,2927,3397,3918,6324,1757,1682,1471,1589,1877,2919,1547,1489,1456,1808,2041,3405,10105
20224,11740540,명일2동,18340,9201,9139,2408,2922,2336,2171,3466,5037,1304,1597,1260,930,1682,2428,1104,1325,1076,1241,1784,2609,6115
20224,11740550,고덕1동,16057,8177,7880,2594,2046,2087,2651,2709,3970,1351,1158,1101,1312,1349,1906,1243,888,986,1339,1360,2064,8800
20224,11740560,고덕2동,8110,4273,3837,665,990,1014,1001,1461,2979,336,575,590,547,777,1448,329,415,424,454,684,1531,8705
20224,11740570,암사1동,35414,17674,17740,4393,3979,5039,5979,5821,10203,2225,2145,2583,3097,2910,4714,2168,1834,2456,2882,2911,5489,16172
20224,11740580,암사2동,14123,6943,7180,2377,1353,2086,2733,2082,3492,1232,682,990,1348,1072,1619,1145,671,1096,1385,1010,1873,6352
20224,11740590,암사3동,19270,9507,9763,3668,2197,2156,3345,3154,4750,1850,1136,1096,1570,1588,2267,1818,1061,1060,1775,1566,2483,6369
20224,11740600,천호1동,28380,14072,14308,3131,3131,4142,4369,4544,9063,1604,1602,2105,2274,2242,4245,1527,1529,2037,2095,2302,4818,12913
20224,11740610,천호2동,30887,15548,15339,3270,2907,4917,5232,5018,9543,1673,1555,2454,2758,2606,4502,1597,1352,2463,2474,2412,5041,17730
20224,11740620,천호3동,21563,10905,10658,2071,1954,3683,3501,3237,7117,1055,995,1861,1924,1696,3374,1016,959,1822,1577,1541,3743,13901
20224,11740640,성내1동,19174,9373,9801,2870,2069,2870,3425,2859,5081,1481,1076,1388,1693,1398,2337,1389,993,1482,1732,1461,2744,8258
20224,11740650,성내2동,24045,11987,12058,2366,2141,4218,4151,3636,7533,1248,1071,2112,2186,1814,3556,1118,1070,2106,1965,1822,3977,12909
20224,11740660,성내3동,23172,11552,11620,2733,2585,3613,4079,3726,6436,1451,1457,1833,2091,1824,2896,1282,1128,1780,1988,1902,3540,10606
20224,11740685,길동,46207,22719,23488,5288,4863,7779,7696,6990,13591,2792,2496,3735,3964,3407,6325,2496,2367,4044,3732,3583,7266,21589
20224,11740690,둔촌1동,25,15,10,2,5,2,1,5,10,2,3,2,0,1,7,0,2,0,1,4,3,14
20224,11740700,둔촌2동,27231,13469,13762,3510,3339,4023,4101,4361,7897,1861,1709,2034,2057,2121,3687,1649,1630,1989,2044,2240,4210,11040
20223,11110515,청운효자동,12434,5780,6654,1993,1594,1697,2148,1979,3023,1046,793,780,967,919,1275,947,801,917,1181,1060,1748,5352
20223,11110530,사직동,9524,4267,5257,1267,1238,1443,1476,1562,2538,601,568,619,659,700,1120,666,670,824,817,862,1418,4758
20223,11110540,삼청동,2635,1271,1364,295,320,360,369,413,878,157,171,177,178,205,383,138,149,183,191,208,495,1340
20223,11110550,부암동,10015,4765,5250,1479,1340,1236,1628,1723,2609,778,689,588,755,782,1173,701,651,648,873,941,1436,4389
20223,11110560,평창동,18390,8553,9837,2815,2450,2233,2767,3266,4859,1428,1248,1032,1222,1474,2149,1387,1202,1201,1545,1792,2710,7519
20223,11110570,무악동,8541,3977,4564,1707,935,941,1505,1419,2034,779,431,427,709,744,887,928,504,514,796,675,1147,3189
20223,11110580,교남동,10466,4838,5628,1725,1272,1709,1852,1615,2293,844,603,790,873,776,952,881,669,919,979,839,1341,4594
20223,11110600,가회동,4325,2003,2322,544,493,573,767,685,1263,289,232,266,363,315,538,255,261,307,404,370,725,2075
20223,11110615,종로1?2?3?4가동,7242,4344,2898,394,878,939,959,1338,2734,208,460,528,598,942,1608,186,418,411,361,396,1126,5274
20223,11110630,종로5?6가동,5219,2821,2398,348,1066,704,586,977,1538,171,543,407,350,554,796,177,523,297,236,423,742,3392
20223,11110640,이화동,7603,3575,4028,664,1686,1243,974,1107,1929,323,780,606,489,545,832,341,906,637,485,562,1097,4433
20223,11110650,혜화동,16799,8091,8708,2001,4486,2077,2295,2302,3638,989,2213,1103,1098,1110,1578,1012,2273,974,1197,1192,2060,9367
20223,11110670,창신1동,5129,2771,2358,372,612,538,637,1112,1858,195,334,311,327,622,982,177,278,227,310,490,876,2960
20223,11110680,창신2동,8326,4290,4036,754,1169,895,1105,1832,2571,403,631,520,572,978,1186,351,538,375,533,854,1385,4184
20223,11110690,창신3동,6921,3393,3528,907,966,962,956,1290,1840,460,522,466,462,630,853,447,444,496,494,660,987,2911
20223,11110700,숭인1동,6080,2963,3117,648,807,829,943,1147,1706,312,420,428,494,565,744,336,387,401,449,582,962,3038
20223,11110710,숭인2동,9700,4913,4787,621,2093,1564,1262,1677,2483,312,864,859,712,913,1253,309,1229,705,550,764,1230,6160
20223,11140520,소공동,2073,1027,1046,280,219,421,449,307,397,126,90,206,241,158,206,154,129,215,208,149,191,1130
20223,11140540,회현동,5124,2713,2411,393,509,537,665,968,2052,191,226,253,365,569,1109,202,283,284,300,399,943,3014
20223,11140550,명동,2766,1177,1589,205,279,339,418,494,1031,108,130,164,182,206,387,97,149,175,236,288,644,1414
20223,11140570,필동,4038,2083,1955,361,727,624,493,611,1222,194,369,345,274,347,554,167,358,279,219,264,668,2408
20223,11140580,장충동,4665,2358,2307,472,1255,665,562,595,1116,239,672,349,300,300,498,233,583,316,262,295,618,2753
20223,11140590,광희동,5204,2697,2507,330,890,815,636,874,1659,171,381,454,355,497,839,159,509,361,281,377,820,3279
20223,11140605,을지로동,1959,1159,800,94,266,350,208,326,715,39,113,208,134,229,436,55,153,142,74,97,279,1504
20223,11140615,신당동,7698,3852,3846,564,1368,1310,1054,1396,2006,270,654,666,572,744,946,294,714,644,482,652,1060,4635
20223,11140625,다산동,14154,6850,7304,1392,2367,2249,2054,2295,3797,735,1146,1173,1037,1088,1671,657,1221,1076,1017,1207,2126,6915
20223,11140635,약수동,17127,8063,9064,2082,2019,2422,2464,2844,5296,1035,1013,1142,1226,1352,2295,1047,1006,1280,1238,1492,3001,7802
20223,11140645,청구동,14045,6664,7381,1656,2015,2203,1950,2371,3850,828,980,1101,953,1145,1657,828,1035,1102,997,1226,2193,6400
20223,11140650,신당5동,10518,5116,5402,1127,1672,1748,1550,1869,2552,566,773,883,787,982,1125,561,899,865,763,887,1427,5386
20223,11140665,동화동,10659,5140,5519,1596,1436,1344,1595,1957,2731,837,708,621,779,942,1253,759,728,723,816,1015,1478,4170
20223,11140670,황학동,12570,5998,6572,1255,2086,2794,1829,1784,2822,639,874,1376,899,909,1301,616,1212,1418,930,875,1521,6918
20223,11140680,중림동,12288,6125,6163,1794,1453,2254,2037,1944,2806,924,711,1073,1080,1004,1333,870,742,1181,957,940,1473,5647
20223,11170510,후암동,17736,8616,9120,2243,2606,2834,2810,2871,4372,1206,1315,1477,1347,1399,1872,1037,1291,1357,1463,1472,2500,8724
20223,11170520,용산2가동,9925,4771,5154,890,1548,1728,1381,1447,2931,458,805,893,707,670,1238,432,743,835,674,777,1693,5384
20223,11170530,남영동,7618,4636,2982,452,957,1041,1101,1625,2442,238,455,555,710,1144,1534,214,502,486,391,481,908,5384
20223,11170555,청파동,19837,9323,10514,1842,4244,3115,2758,3135,4743,954,1696,1686,1393,1553,2041,888,2548,1429,1365,1582,2702,11102
20223,11170560,원효로1동,16085,7749,8336,2188,2447,3698,2630,2210,2912,1121,1036,1809,1356,1093,1334,1067,1411,1889,1274,1117,1578,8035
20223,11170570,원효로2동,14197,6674,7523,2193,1857,2069,2306,2349,3423,968,872,1048,1127,1161,1498,1225,985,1021,1179,1188,1925,6038
20223,11170580,효창동,10191,4829,5362,1535,1574,1858,1571,1559,2094,792,733,902,744,749,909,743,841,956,827,810,1185,4373
20223,11170590,용문동,12297,5862,6435,1600,1849,2023,1852,1974,2999,818,885,989,912,975,1283,782,964,1034,940,999,1716,5438
20223,11170625,한강로동,19846,9585,10261,2117,3124,4016,2797,3365,4427,1107,1404,1912,1367,1665,2130,1010,1720,2104,1430,1700,2297,10405
20223,11170630,이촌1동,28160,13165,14995,5655,3004,3670,4920,4593,6318,2902,1468,1637,2205,2205,2748,2753,1536,2033,2715,2388,3570,10344
20223,11170640,이촌2동,8729,4103,4626,1077,965,1469,1258,1406,2554,552,476,745,620,652,1058,525,489,724,638,754,1496,3847
20223,11170650,이태원1동,6926,3294,3632,516,1054,1152,884,1130,2190,259,544,635,431,527,898,257,510,517,453,603,1292,3935
20223,11170660,이태원2동,9269,4266,5003,924,1400,1658,1420,1298,2569,459,686,825,674,583,1039,465,714,833,746,715,1530,5025
20223,11170685,한남동,21151,10175,10976,2336,2782,4033,3373,3289,5338,1216,1398,1985,1674,1573,2329,1120,1384,2048,1699,1716,3009,11412
20223,11170690,서빙고동,13196,6333,6863,2260,1801,1525,2470,2221,2919,1147,890,741,1166,1113,1276,1113,911,784,1304,1108,1643,5326
20223,11170700,보광동,14218,7045,7173,1259,2232,2158,2093,2490,3986,700,1252,1191,1051,1220,1631,559,980,967,1042,1270,2355,7784
20223,11200520,왕십리2동,17081,8307,8774,2432,2503,2939,2650,2746,3811,1247,1195,1474,1325,1327,1739,1185,1308,1465,1325,1419,2072,7629
20223,11200535,왕십리도선동,27086,12915,14171,3947,4406,4765,4037,4411,5520,2018,2036,2224,2026,2092,2519,1929,2370,2541,2011,2319,3001,12023
20223,11200540,마장동,22773,11240,11533,2826,4369,3275,3017,3712,5574,1427,2179,1689,1533,1816,2596,1399,2190,1586,1484,1896,2978,10912
20223,11200550,사근동,11920,6090,5830,1201,4632,1592,1152,1286,2057,564,2509,889,601,633,894,637,2123,703,551,653,1163,7801
20223,11200560,행당1동,14071,6791,7280,2003,2218,2282,2168,2273,3127,986,1081,1120,1048,1107,1449,1017,1137,1162,1120,1166,1678,6455
20223,11200570,행당2동,24054,11286,12768,3931,3028,3708,4081,3923,5383,1875,1425,1760,1971,1919,2336,2056,1603,1948,2110,2004,3047,9483
20223,11200580,응봉동,15758,7475,8283,2869,1754,2248,2936,2483,3468,1427,868,1094,1400,1209,1477,1442,886,1154,1536,1274,1991,6128
20223,11200590,금호1가동,15703,7515,8188,2366,1819,2758,2549,2383,3828,1219,909,1282,1304,1146,1655,1147,910,1476,1245,1237,2173,6713
20223,11200615,금호2?3가동,23406,11157,12249,3246,2931,4172,3755,3692,5610,1657,1483,1996,1844,1765,2412,1589,1448,2176,1911,1927,3198,10318
20223,11200620,금호4가동,14708,7034,7674,2349,1510,2808,2574,2119,3348,1212,769,1316,1279,1037,1421,1137,741,1492,1295,1082,1927,6460
20223,11200645,옥수동,26675,12414,14261,4247,3013,5092,4504,3943,5876,2150,1377,2265,2223,1827,2572,2097,1636,2827,2281,2116,3304,11091
20223,11200650,성수1가1동,16575,8293,8282,2156,2555,2909,2406,3050,3499,1134,1335,1452,1163,1548,1661,1022,1220,1457,1243,1502,1838,7671
20223,11200660,성수1가2동,13438,6602,6836,1677,2149,2476,2094,2055,2987,848,1052,1204,1019,1068,1411,829,1097,1272,1075,987,1576,6504
20223,11200670,성수2가1동,16593,8680,7913,1727,2345,2616,2324,3148,4433,895,1253,1423,1226,1713,2170,832,1092,1193,1098,1435,2263,8455
20223,11200690,성수2가3동,11147,5651,5496,1109,2015,1961,1458,1845,2759,563,936,1041,746,987,1378,546,1079,920,712,858,1381,5700
20223,11200720,송정동,10729,5665,5064,1133,1712,1647,1557,1963,2717,602,888,897,856,1075,1347,531,824,750,701,888,1370,5572
20223,11200790,용답동,11806,6233,5573,1041,2074,1656,1752,2196,3087,534,965,898,1008,1298,1530,507,1109,758,744,898,1557,6872
20223,11215710,화양동,22632,10720,11912,1087,9645,4383,2184,2090,3243,508,4133,2295,1217,1105,1462,579,5512,2088,967,985,1781,17039
20223,11215730,군자동,19923,9831,10092,1936,4484,3639,2628,2895,4341,1006,2121,1868,1376,1458,2002,930,2363,1771,1252,1437,2339,11155
20223,11215740,중곡1동,16176,7887,8289,1601,2880,3068,2253,2606,3768,833,1317,1558,1163,1279,1737,768,1563,1510,1090,1327,2031,8508
20223,11215750,중곡2동,21787,10306,11481,2595,3874,3899,2982,3549,4888,1317,1730,1890,1472,1666,2231,1278,2144,2009,1510,1883,2657,10545
20223,11215760,중곡3동,16644,8257,8387,1716,2705,2744,2320,2910,4249,898,1343,1436,1184,1434,1962,818,1362,1308,1136,1476,2287,8551
20223,11215770,중곡4동,29181,14304,14877,3400,4472,4348,4146,5276,7539,1807,2245,2176,2108,2509,3459,1593,2227,2172,2038,2767,4080,13163
20223,11215780,능동,11615,5328,6287,1133,2404,2672,1643,1413,2350,586,1010,1195,829,652,1056,547,1394,1477,814,761,1294,6510
20223,11215810,광장동,35430,17108,18322,8824,4147,3834,7693,5468,5464,4537,2056,1650,3547,2785,2533,4287,2091,2184,4146,2683,2931,12065
20223,11215820,자양1동,22775,10942,11833,2529,4391,3787,3382,3627,5059,1286,2068,1901,1692,1749,2246,1243,2323,1886,1690,1878,2813,11855
20223,11215830,자양2동,25646,12492,13154,3521,3864,3931,4043,4283,6004,1842,1919,1942,2003,2004,2782,1679,1945,1989,2040,2279,3222,11214
20223,11215840,자양3동,28690,13776,14914,4975,3957,4335,4594,4673,6156,2475,1946,2052,2154,2253,2896,2500,2011,2283,2440,2420,3260,11170
20223,11215847,자양4동,17745,8826,8919,1591,2702,2606,2453,3099,5294,778,1318,1404,1283,1625,2418,813,1384,1202,1170,1474,2876,9474
20223,11215850,구의1동,22038,10524,11514,2045,4832,4230,3213,3188,4530,1031,2215,2122,1605,1546,2005,1014,2617,2108,1608,1642,2525,12108
20223,11215860,구의2동,26958,12964,13994,4138,3771,3883,4354,4526,6286,2097,1851,1942,2110,2165,2799,2041,1920,1941,2244,2361,3487,11685
20223,11215870,구의3동,29306,13933,15373,4413,4769,4624,4570,4898,6032,2193,2235,2247,2122,2339,2797,2220,2534,2377,2448,2559,3235,12201
20223,11230536,용신동,31118,15778,15340,2704,6129,5357,4225,4670,8033,1414,2903,2806,2318,2502,3835,1290,3226,2551,1907,2168,4198,18390
20223,11230545,제기동,24935,12789,12146,2428,4415,3263,3125,3836,7868,1253,2406,1820,1709,2020,3581,1175,2009,1443,1416,1816,4287,13286
20223,11230560,전농1동,30150,15129,15021,3806,4675,4382,4328,4909,8050,1928,2377,2263,2273,2519,3769,1878,2298,2119,2055,2390,4281,15185
20223,11230570,전농2동,19195,9231,9964,2975,2383,2304,3059,3296,5178,1480,1200,1161,1479,1613,2298,1495,1183,1143,1580,1683,2880,7805
20223,11230600,답십리1동,29090,14088,15002,4716,4011,5271,4716,4287,6089,2398,1865,2506,2451,2089,2779,2318,2146,2765,2265,2198,3310,12898
20223,11230610,답십리2동,29220,14189,15031,3839,3839,4490,4234,4976,7842,1921,1922,2288,2131,2430,3497,1918,1917,2202,2103,2546,4345,12848
20223,11230650,장안1동,38693,19230,19463,5173,5285,6342,6384,6071,9438,2659,2517,3272,3325,3000,4457,2514,2768,3070,3059,3071,4981,18258
20223,11230660,장안2동,33005,16505,16500,5728,3880,5160,5777,4941,7519,3020,2014,2570,2951,2476,3474,2708,1866,2590,2826,2465,4045,14016
20223,11230705,청량리동,19830,9886,9944,1906,2316,2220,2536,3474,7378,987,1232,1196,1336,1766,3369,919,1084,1024,1200,1708,4009,10036
20223,11230710,회기동,10447,5009,5438,1150,3163,1480,1327,1232,2095,573,1490,795,651,623,877,577,1673,685,676,609,1218,6296
20223,11230720,휘경1동,13616,6578,7038,1569,3278,2177,1698,1933,2961,793,1452,1131,876,961,1365,776,1826,1046,822,972,1596,7186
20223,11230730,휘경2동,24296,12051,12245,3314,5327,3015,3532,3537,5571,1618,2840,1606,1741,1741,2505,1696,2487,1409,1791,1796,3066,11851
20223,11230740,이문1동,18532,9220,9312,1993,4775,2170,2439,2613,4542,1009,2386,1233,1245,1348,1999,984,2389,937,1194,1265,2543,10572
20223,11230750,이문2동,20461,9917,10544,3111,2843,2518,3208,3420,5361,1559,1373,1262,1605,1709,2409,1552,1470,1256,1603,1711,2952,8712
20223,11260520,면목2동,24773,12340,12433,2884,3381,3293,3687,4931,6597,1440,1677,1740,1950,2517,3016,1444,1704,1553,1737,2414,3581,12298
20223,11260540,면목4동,18750,9350,9400,2207,2472,2623,2927,3238,5283,1158,1283,1376,1564,1612,2357,1049,1189,1247,1363,1626,2926,8959
20223,11260550,면목5동,15170,7642,7528,2296,1864,2772,2316,2575,3347,1164,953,1399,1253,1307,1566,1132,911,1373,1063,1268,1781,6602
20223,11260565,면목본동,34313,17041,17272,3553,5321,5289,5041,6298,8811,1792,2699,2779,2642,3102,4027,1761,2622,2510,2399,3196,4784,17765
20223,11260570,면목7동,22366,11210,11156,2455,3128,3426,3182,3927,6248,1318,1596,1763,1693,1906,2934,1137,1532,1663,1489,2021,3314,10708
20223,11260575,면목3?8동,25508,12676,12832,2598,3810,3613,3513,4721,7253,1334,1920,1926,1840,2301,3355,1264,1890,1687,1673,2420,3898,12759
20223,11260580,상봉1동,24775,12114,12661,3851,3574,3649,3602,4416,5683,2032,1762,1843,1764,2121,2592,1819,1812,1806,1838,2295,3091,10297
20223,11260590,상봉2동,19882,9674,10208,1606,4048,4117,2622,3103,4386,839,1702,2111,1380,1564,2078,767,2346,2006,1242,1539,2308,11702
20223,11260600,중화1동,20232,9911,10321,2627,2925,3217,2837,3381,5245,1333,1436,1670,1488,1575,2409,1294,1489,1547,1349,1806,2836,9121
20223,11260610,중화2동,25562,13123,12439,2236,3772,3694,3501,4968,7391,1192,1871,1974,1887,2635,3564,1044,1901,1720,1614,2333,3827,13880
20223,11260620,묵1동,35402,17135,18267,5518,4995,4950,5894,5553,8492,2814,2401,2449,2911,2669,3891,2704,2594,2501,2983,2884,4601,14972
20223,11260630,묵2동,19446,9570,9876,2330,2728,3123,2907,3245,5113,1208,1330,1630,1468,1588,2346,1122,1398,1493,1439,1657,2767,9338
20223,11260655,망우본동,30392,15262,15130,3381,4214,4110,4126,5693,8868,1713,2136,2142,2232,2865,4174,1668,2078,1968,1894,2828,4694,15073
20223,11260660,망우3동,17107,8588,8519,1962,2336,2149,2440,3321,4899,948,1191,1169,1254,1694,2332,1014,1145,980,1186,1627,2567,8431
20223,11260680,신내1동,39688,19315,20373,7169,4931,5130,6037,6572,9849,3676,2503,2528,3029,3110,4469,3493,2428,2602,3008,3462,5380,14806
20223,11260690,신내2동,21208,10115,11093,3132,2583,2946,3221,3559,5767,1600,1316,1446,1569,1674,2510,1532,1267,1500,1652,1885,3257,9076
20223,11290525,성북동,16832,7862,8970,1967,2808,2518,2545,2762,4232,1011,1287,1198,1210,1306,1850,956,1521,1320,1335,1456,2382,8225
20223,11290555,삼선동,23545,11221,12324,3053,4275,3339,3694,3674,5510,1597,1907,1646,1807,1847,2417,1456,2368,1693,1887,1827,3093,11689
20223,11290575,동선동,15583,6532,9051,1529,4477,2508,2036,1930,3103,712,1421,1154,973,958,1314,817,3056,1354,1063,972,1789,9347
20223,11290580,돈암1동,15288,7144,8144,2174,2082,1981,2215,2719,4117,1053,964,979,1037,1300,1811,1121,1118,1002,1178,1419,2306,6236
20223,11290590,돈암2동,24591,11692,12899,4892,3025,3040,4516,4079,5039,2475,1488,1421,2127,1965,2216,2417,1537,1619,2389,2114,2823,8735
20223,11290600,안암동,14908,7511,7397,1279,5070,2002,1660,2004,2893,660,2643,1121,851,990,1246,619,2427,881,809,1014,1647,9202
20223,11290610,보문동,15749,7608,8141,1933,2707,2624,2415,2553,3517,952,1335,1332,1227,1219,1543,981,1372,1292,1188,1334,1974,7827
20223,11290620,정릉1동,18647,9008,9639,3231,2318,2650,3258,2855,4335,1648,1159,1295,1589,1411,1906,1583,1159,1355,1669,1444,2429,7502
20223,11290630,정릉2동,23495,11368,12127,3412,3249,3158,3632,3747,6297,1740,1643,1612,1793,1808,2772,1672,1606,1546,1839,1939,3525,9882
20223,11290640,정릉3동,15532,7689,7843,1596,3171,1909,1949,2386,4521,817,1745,1074,958,1167,1928,779,1426,835,991,1219,2593,8011
20223,11290650,정릉4동,25601,12380,13221,3856,3267,3292,4220,4171,6795,2019,1691,1590,2086,2015,2979,1837,1576,1702,2134,2156,3816,10979
20223,11290660,길음1동,36397,17304,19093,8899,3486,4714,7942,4966,6390,4450,1667,2121,3814,2536,2716,4449,1819,2593,4128,2430,3674,12775
20223,11290685,길음2동,17041,8242,8799,2879,2126,2532,2956,2771,3777,1526,1016,1235,1410,1368,1687,1353,1110,1297,1546,1403,2090,7118
20223,11290705,종암동,39773,19588,20185,6415,5839,5234,6460,6365,9460,3409,3066,2603,3187,3172,4151,3006,2773,2631,3273,3193,5309,17435
20223,11290715,월곡1동,26920,13023,13897,4720,3043,3598,4607,4260,6692,2330,1462,1765,2323,2105,3038,2390,1581,1833,2284,2155,3654,10916
20223,11290725,월곡2동,19925,9584,10341,2596,3584,2738,2870,3042,5095,1341,1527,1415,1452,1549,2300,1255,2057,1323,1418,1493,2795,9615
20223,11290760,장위1동,20207,9845,10362,2501,3027,2472,2908,3818,5481,1259,1553,1355,1404,1833,2441,1242,1474,1117,1504,1985,3040,9162
20223,11290770,장위2동,13848,6857,6991,1506,1925,1701,1967,2454,4295,755,964,906,1057,1255,1920,751,961,795,910,1199,2375,6593
20223,11290780,장위3동,17221,8518,8703,3194,2227,2772,2748,2712,3568,1632,1082,1354,1393,1384,1673,1562,1145,1418,1355,1328,1895,7094
20223,11290810,석관동,35589,17616,17973,4272,5198,5027,5177,6014,9901,2230,2573,2584,2693,2957,4579,2042,2625,2443,2484,3057,5322,16697
20223,11305534,삼양동,24555,12239,12316,3286,3153,3031,3666,4374,7045,1720,1627,1609,1868,2210,3205,1566,1526,1422,1798,2164,3840,11377
20223,11305535,미아동,22217,10700,11517,2132,3868,2899,3093,3846,6379,1135,1674,1533,1614,1861,2883,997,2194,1366,1479,1985,3496,11775
20223,11305545,송중동,30349,14594,15755,3618,4271,4115,4607,5199,8539,1809,2091,2072,2347,2453,3822,1809,2180,2043,2260,2746,4717,14073
20223,11305555,송천동,27466,13641,13825,2718,3703,3290,3934,5055,8766,1375,1888,1760,2072,2547,3999,1343,1815,1530,1862,2508,4767,13795
20223,11305575,삼각산동,31996,15394,16602,7015,3387,3850,6493,4975,6276,3608,1678,1804,3139,2475,2690,3407,1709,2046,3354,2500,3586,11742
20223,11305595,번1동,19057,9573,9484,1792,3283,2816,2946,3130,5090,948,1587,1524,1560,1627,2327,844,1696,1292,1386,1503,2763,10476
20223,11305603,번2동,16440,7977,8463,1781,2212,1808,2427,2776,5436,941,1153,1005,1234,1352,2292,840,1059,803,1193,1424,3144,7659
20223,11305608,번3동,17545,8257,9288,2317,1943,1748,2673,2831,6033,1179,991,904,1367,1362,2454,1138,952,844,1306,1469,3579,7579
20223,11305615,수유1동,21236,10516,10720,2420,3068,2789,3014,3628,6317,1237,1558,1504,1620,1757,2840,1183,1510,1285,1394,1871,3477,10452
20223,11305625,수유2동,21476,10289,11187,2498,2993,2581,3060,3784,6560,1316,1436,1372,1523,1793,2849,1182,1557,1209,1537,1991,3711,9731
20223,11305635,수유3동,23512,11646,11866,1962,4305,3385,3309,4036,6515,1021,2065,1846,1748,2040,2926,941,2240,1539,1561,1996,3589,12998
20223,11305645,우이동,20955,10206,10749,2501,2678,2592,3005,3588,6591,1333,1253,1397,1543,1730,2950,1168,1425,1195,1462,1858,3641,9647
20223,11305660,인수동,31311,15131,16180,3707,4100,3842,4506,5425,9731,1862,2053,2026,2304,2587,4299,1845,2047,1816,2202,2838,5432,14563
20223,11320511,창1동,25241,12027,13214,3749,3307,3413,4121,4181,6470,1899,1643,1707,1996,1944,2838,1850,1664,1706,2125,2237,3632,10877
20223,11320512,창2동,29648,14474,15174,4104,4143,4145,4588,5178,7490,2143,2064,2079,2327,2465,3396,1961,2079,2066,2261,2713,4094,12458
20223,11320513,창3동,14305,7124,7181,1863,1828,1710,2167,2621,4116,972,951,913,1114,1297,1877,891,877,797,1053,1324,2239,6654
20223,11320514,창4동,27197,13076,14121,4413,3735,3420,4429,4919,6281,2270,1895,1656,2085,2324,2846,2143,1840,1764,2344,2595,3435,10753
20223,11320515,창5동,25203,12123,13080,3530,3726,3560,3569,4456,6362,1829,1824,1829,1689,2050,2902,1701,1902,1731,1880,2406,3460,10266
20223,11320521,도봉1동,21653,10950,10703,2080,2634,2404,2927,3810,7798,1080,1409,1328,1589,1903,3641,1000,1225,1076,1338,1907,4157,10426
20223,11320522,도봉2동,27800,13600,14200,3388,3341,3654,3809,4506,9102,1749,1687,1858,1932,2193,4181,1639,1654,1796,1877,2313,4921,12123
20223,11320660,쌍문1동,21794,10500,11294,2809,3096,2598,3250,3692,6349,1395,1467,1335,1653,1769,2881,1414,1629,1263,1597,1923,3468,9441
20223,11320670,쌍문2동,19253,9269,9984,2422,2545,2624,2799,3329,5534,1274,1299,1355,1408,1499,2434,1148,1246,1269,1391,1830,3100,8673
20223,11320680,쌍문3동,16762,8136,8626,1819,2499,2380,2433,2846,4785,938,1227,1233,1259,1319,2160,881,1272,1147,1174,1527,2625,7896
20223,11320681,쌍문4동,19259,9090,10169,3249,2568,2322,3007,3437,4676,1648,1290,1120,1366,1548,2118,1601,1278,1202,1641,1889,2558,7196
20223,11320690,방학1동,28975,14420,14555,3761,3904,3352,4238,5428,8292,1893,2031,1733,2100,2731,3932,1868,1873,1619,2138,2697,4360,12737
20223,11320700,방학2동,20278,10245,10033,2435,2723,2210,2949,3774,6187,1269,1488,1213,1526,1867,2882,1166,1235,997,1423,1907,3305,9509
20223,11320710,방학3동,27895,13583,14312,4769,3369,3212,4256,4835,7454,2561,1841,1613,1998,2244,3326,2208,1528,1599,2258,2591,4128,10068
20223,11350560,월계1동,22454,11554,10900,2925,3873,2717,3440,3569,5930,1545,2226,1478,1774,1796,2735,1380,1647,1239,1666,1773,3195,10472
20223,11350570,월계2동,27466,13247,14219,3943,3244,3238,4338,4625,8078,2022,1726,1633,2197,2212,3457,1921,1518,1605,2141,2413,4621,12063
20223,11350580,월계3동,30593,14662,15931,4410,3601,4627,4676,4803,8476,2277,1801,2329,2358,2243,3654,2133,1800,2298,2318,2560,4822,13009
20223,11350595,공릉1동,37700,18335,19365,4795,6830,5406,5406,5849,9414,2423,3395,2741,2754,2813,4209,2372,3435,2665,2652,3036,5205,18300
20223,11350600,공릉2동,39784,19394,20390,7324,6721,5226,6584,6121,7808,3763,3325,2611,3110,3009,3576,3561,3396,2615,3474,3112,4232,16502
20223,11350611,하계1동,27479,13234,14245,4354,4696,2748,4237,4977,6467,2399,2514,1385,1874,2411,2651,1955,2182,1363,2363,2566,3816,11662
20223,11350612,하계2동,22673,10808,11865,4351,3096,2556,4071,3921,4678,2243,1577,1212,1896,1889,1991,2108,1519,1344,2175,2032,2687,8303
20223,11350619,중계본동,24840,12174,12666,6075,3245,1908,5083,4554,3975,3112,1709,900,2222,2366,1865,2963,1536,1008,2861,2188,2110,8624
20223,11350621,중계1동,27473,13374,14099,7750,2973,2006,6627,4469,3648,4106,1542,854,2884,2391,1597,3644,1431,1152,3743,2078,2051,9073
20223,11350624,중계4동,20700,9999,10701,3504,2613,1993,3542,3612,5436,1885,1369,1010,1643,1814,2278,1619,1244,983,1899,1798,3158,8476
20223,11350625,중계2?3동,35461,16354,19107,5317,4341,4303,5926,5653,9921,2597,2229,2087,2909,2654,3878,2720,2112,2216,3017,2999,6043,15408
20223,11350630,상계1동,39064,18975,20089,5741,5302,4946,5735,7015,10325,2980,2717,2468,2753,3308,4749,2761,2585,2478,2982,3707,5576,15655
20223,11350640,상계2동,20557,10167,10390,2880,3323,2335,3102,3944,4973,1464,1667,1226,1491,1981,2338,1416,1656,1109,1611,1963,2635,8798
20223,11350665,상계3?4동,27081,13471,13610,3538,3256,2965,4002,4808,8512,1869,1757,1560,2016,2435,3834,1669,1499,1405,1986,2373,4678,12221
20223,11350670,상계5동,24691,11998,12693,3176,3492,2631,3739,4552,7101,1613,1839,1383,1831,2219,3113,1563,1653,1248,1908,2333,3988,11023
20223,11350695,상계6?7동,33550,15577,17973,5569,4630,4941,5572,5658,7180,2892,2225,2320,2562,2580,2998,2677,2405,2621,3010,3078,4182,13946
20223,11350700,상계8동,22935,11020,11915,4551,2687,4732,3919,3012,4034,2318,1324,2326,1956,1418,1678,2233,1363,2406,1963,1594,2356,9169
20223,11350710,상계9동,21136,10040,11096,3541,2753,2810,3507,3620,4905,1828,1434,1422,1589,1683,2084,1713,1319,1388,1918,1937,2821,8424
20223,11350720,상계10동,17437,8034,9403,2668,2543,2640,2729,3073,3784,1325,1204,1293,1215,1381,1616,1343,1339,1347,1514,1692,2168,7083
20223,11380510,녹번동,37380,17807,19573,4821,5070,6066,5831,5883,9709,2410,2384,3031,2940,2805,4237,2411,2686,3035,2891,3078,5472,17479
20223,11380520,불광1동,39732,18809,20923,5092,5477,5445,6021,6771,10926,2665,2663,2665,2910,3167,4739,2427,2814,2780,3111,3604,6187,17969
20223,11380530,불광2동,28437,13802,14635,2952,4339,3867,3953,4928,8398,1488,2181,2035,2040,2285,3773,1464,2158,1832,1913,2643,4625,13956
20223,11380551,갈현1동,23146,11280,11866,2591,3751,3056,3331,4008,6409,1351,1910,1617,1671,1856,2875,1240,1841,1439,1660,2152,3534,11152
20223,11380552,갈현2동,28872,13674,15198,4039,4370,3917,4715,4798,7033,2045,2101,1928,2263,2245,3092,1994,2269,1989,2452,2553,3941,12643
20223,11380560,구산동,32750,16287,16463,4675,4439,4119,5130,5670,8717,2300,2191,2118,2577,2856,4245,2375,2248,2001,2553,2814,4472,13401
20223,11380570,대조동,27235,12691,14544,2851,4889,4193,4105,4138,7059,1396,2140,2083,2018,2001,3053,1455,2749,2110,2087,2137,4006,14312
20223,11380580,응암1동,30938,14680,16258,4886,4201,5148,5227,4581,6895,2518,1922,2524,2564,2234,2918,2368,2279,2624,2663,2347,3977,14058
20223,11380590,응암2동,27580,13401,14179,5535,2765,5059,5193,3605,5423,2864,1395,2388,2662,1763,2329,2671,1370,2671,2531,1842,3094,11005
20223,11380600,응암3동,25229,12332,12897,2631,3648,3379,3615,4242,7714,1371,1853,1784,1854,2130,3340,1260,1795,1595,1761,2112,4374,12765
20223,11380625,역촌동,46566,22003,24563,6216,6530,6700,7609,7651,11860,3133,3114,3252,3792,3591,5121,3083,3416,3448,3817,4060,6739,20857
20223,11380631,신사1동,27543,13312,14231,3745,3920,4102,4204,4492,7080,1902,2004,2079,2072,2096,3159,1843,1916,2023,2132,2396,3921,11838
20223,11380632,신사2동,20812,10392,10420,2782,2938,2797,3166,3509,5620,1503,1523,1475,1616,1682,2593,1279,1415,1322,1550,1827,3027,9044
20223,11380640,증산동,15338,7474,7864,1940,2110,2024,2248,2579,4437,988,1044,1038,1104,1261,2039,952,1066,986,1144,1318,2398,6891
20223,11380650,수색동,11132,5498,5634,1442,1485,1729,1505,1965,3006,766,761,880,750,991,1350,676,724,849,755,974,1656,4737
20223,11380690,진관동,57020,26773,30247,12180,7112,6887,10773,8409,11659,6267,3087,3005,5018,4217,5179,5913,4025,3882,5755,4192,6480,21642
20223,11410520,천연동,17742,8412,9330,2727,2276,2419,2808,3004,4508,1362,1109,1178,1362,1485,1916,1365,1167,1241,1446,1519,2592,8016
20223,11410555,북아현동,16643,7949,8694,2524,2381,2894,2685,2778,3381,1279,1079,1417,1351,1375,1448,1245,1302,1477,1334,1403,1933,7469
20223,11410565,충현동,20756,9990,10766,2595,3434,3262,3046,3349,5070,1289,1650,1614,1535,1658,2244,1306,1784,1648,1511,1691,2826,10379
20223,11410585,신촌동,19272,8599,10673,1594,7419,3286,1982,1999,2992,809,2877,1645,970,1000,1298,785,4542,1641,1012,999,1694,13316
20223,11410615,연희동,36200,17437,18763,4151,7591,5620,5114,5256,8468,2102,3871,2818,2446,2492,3708,2049,3720,2802,2668,2764,4760,18862
20223,11410620,홍제1동,24329,11424,12905,3451,3166,3452,3793,4088,6379,1705,1557,1666,1825,1898,2773,1746,1609,1786,1968,2190,3606,10489
20223,11410640,홍제3동,15810,7661,8149,1897,2120,1969,2206,2714,4904,990,1065,1027,1100,1370,2109,907,1055,942,1106,1344,2795,7117
20223,11410655,홍제2동,14233,6779,7454,1910,1857,1925,2050,2570,3921,991,926,960,974,1225,1703,919,931,965,1076,1345,2218,5908
20223,11410660,홍은1동,22956,11085,11871,3264,2921,2994,3450,3966,6361,1647,1466,1519,1687,1950,2816,1617,1455,1475,1763,2016,3545,9716
20223,11410685,홍은2동,26960,13019,13941,3464,4245,3479,3999,4588,7185,1763,2139,1822,1971,2192,3132,1701,2106,1657,2028,2396,4053,12304
20223,11410690,남가좌1동,15900,7657,8243,3606,1553,2487,3089,2130,3035,1774,753,1104,1630,1043,1353,1832,800,1383,1459,1087,1682,5889
20223,11410700,남가좌2동,30036,14498,15538,5089,4293,4609,4921,4409,6715,2535,2087,2273,2490,2177,2936,2554,2206,2336,2431,2232,3779,13308
20223,11410710,북가좌1동,18445,8896,9549,3394,2173,2402,3277,3020,4179,1769,1051,1125,1637,1447,1867,1625,1122,1277,1640,1573,2312,6990
20223,11410720,북가좌2동,32607,15868,16739,4116,4817,4306,5035,5442,8891,2121,2443,2225,2462,2627,3990,1995,2374,2081,2573,2815,4901,14785
20223,11440555,아현동,25772,12061,13711,4469,3208,5156,4239,3878,4822,2155,1421,2382,2127,1859,2117,2314,1787,2774,2112,2019,2705,10610
20223,11440565,공덕동,37964,17907,20057,4584,6428,6526,5543,6396,8487,2344,2820,3154,2748,3136,3705,2240,3608,3372,2795,3260,4782,18628
20223,11440585,도화동,21763,10454,11309,3114,3007,3633,3231,3484,5294,1671,1449,1758,1549,1679,2348,1443,1558,1875,1682,1805,2946,9539
20223,11440590,용강동,21842,10278,11564,4294,2232,3775,4430,2940,4171,2082,1027,1722,2136,1469,1842,2212,1205,2053,2294,1471,2329,9300
20223,11440600,대흥동,14388,6943,7445,1565,3355,2375,2090,2036,2967,830,1511,1201,1045,1069,1287,735,1844,1174,1045,967,1680,8385
20223,11440610,염리동,12125,5839,6286,2088,1801,1869,2190,1765,2412,1045,869,901,1107,886,1031,1043,932,968,1083,879,1381,5677
20223,11440630,신수동,23146,11271,11875,3604,3477,3770,3911,3566,4818,1913,1749,1834,1839,1785,2151,1691,1728,1936,2072,1781,2667,10213
20223,11440655,서강동,24664,11742,12922,3605,4648,4109,4000,3678,4624,1832,2224,1937,1920,1751,2078,1773,2424,2172,2080,1927,2546,11619
20223,11440660,서교동,23682,10810,12872,1830,5964,5177,3499,2754,4458,914,2494,2421,1719,1338,1924,916,3470,2756,1780,1416,2534,14891
20223,11440680,합정동,19846,9219,10627,2303,3878,3956,2888,2722,4099,1149,1722,1882,1381,1299,1786,1154,2156,2074,1507,1423,2313,10285
20223,11440690,망원1동,20802,9777,11025,2377,3494,3922,3265,2974,4770,1185,1626,1868,1584,1468,2046,1192,1868,2054,1681,1506,2724,10513
20223,11440700,망원2동,19023,8954,10069,2766,2909,2976,3266,2821,4285,1375,1343,1408,1605,1387,1836,1391,1566,1568,1661,1434,2449,8571
20223,11440710,연남동,15575,7355,8220,1429,3229,3101,2336,2033,3447,743,1496,1506,1172,958,1480,686,1733,1595,1164,1075,1967,8854
20223,11440720,성산1동,19357,9097,10260,2453,3135,3401,3329,2884,4155,1204,1473,1643,1593,1367,1817,1249,1662,1758,1736,1517,2338,9419
20223,11440730,성산2동,40394,18378,22016,6010,6782,6742,6586,5765,8509,3097,2723,3065,3170,2809,3514,2913,4059,3677,3416,2956,4995,19041
20223,11440740,상암동,31404,14976,16428,6769,4296,4026,6183,4503,5627,3459,1944,1836,2951,2341,2445,3310,2352,2190,3232,2162,3182,12766
20223,11470510,목1동,31563,15159,16404,8109,3423,3302,6956,5008,4765,4075,1669,1392,3172,2622,2229,4034,1754,1910,3784,2386,2536,10556
20223,11470520,목2동,30445,14797,15648,4279,5011,5248,4629,4952,6326,2227,2449,2685,2219,2342,2875,2052,2562,2563,2410,2610,3451,13239
20223,11470530,목3동,22470,10726,11744,2922,3560,4033,3216,3652,5087,1564,1729,1974,1542,1653,2264,1358,1831,2059,1674,1999,2823,10117
20223,11470540,목4동,25946,12676,13270,4779,4172,2819,4581,4843,4752,2501,2196,1397,2031,2401,2150,2278,1976,1422,2550,2442,2602,10128
20223,11470550,목5동,42205,20895,21310,11030,4518,4004,9236,6680,6737,5957,2345,1744,4130,3455,3264,5073,2173,2260,5106,3225,3473,13578
20223,11470560,신월1동,20959,10757,10202,2336,2696,2770,3113,3915,6129,1198,1430,1526,1624,2051,2928,1138,1266,1244,1489,1864,3201,10203
20223,11470570,신월2동,21351,10461,10890,3225,2709,3045,3335,3356,5681,1617,1401,1550,1692,1627,2574,1608,1308,1495,1643,1729,3107,8607
20223,11470580,신월3동,15749,8297,7452,2039,2040,2036,2245,2962,4427,1075,1066,1110,1256,1628,2162,964,974,926,989,1334,2265,8040
20223,11470590,신월4동,18411,9050,9361,3120,2186,2512,3051,2841,4701,1617,1137,1244,1550,1376,2126,1503,1049,1268,1501,1465,2575,6961
20223,11470600,신월5동,15055,7459,7596,2281,2154,2110,2308,2549,3653,1195,1094,1114,1145,1215,1696,1086,1060,996,1163,1334,1957,6487
20223,11470610,신월6동,13741,6769,6972,2688,1606,2583,2159,2032,2673,1365,816,1294,1081,978,1235,1323,790,1289,1078,1054,1438,5226
20223,11470611,신월7동,20514,10068,10446,2446,2659,2642,2986,3601,6180,1259,1407,1392,1549,1759,2702,1187,1252,1250,1437,1842,3478,9234
20223,11470620,신정1동,20964,10227,10737,4914,2473,2078,4116,3542,3841,2536,1254,908,1933,1817,1779,2378,1219,1170,2183,1725,2062,7213
20223,11470630,신정2동,20051,9822,10229,4278,2592,1811,3814,3625,3931,2208,1334,845,1760,1857,1818,2070,1258,966,2054,1768,2113,7141
20223,11470640,신정3동,46374,22599,23775,8701,5912,5752,8007,7827,10175,4478,3059,2826,3872,3820,4544,4223,2853,2926,4135,4007,5631,17831
20223,11470650,신정4동,33533,16434,17099,4030,5286,5095,5263,5421,8438,2089,2536,2705,2624,2606,3874,1941,2750,2390,2639,2815,4564,16066
20223,11470670,신정6동,25017,12160,12857,5769,3198,2749,4744,4416,4141,2975,1640,1222,2137,2199,1987,2794,1558,1527,2607,2217,2154,8300
20223,11470680,신정7동,29891,14452,15439,5458,3604,3231,5210,5281,7107,2815,1880,1541,2501,2615,3100,2643,1724,1690,2709,2666,4007,11604
20223,11500510,염창동,41853,20346,21507,8696,5432,7332,7676,5956,6761,4472,2518,3483,3759,2925,3189,4224,2914,3849,3917,3031,3572,15820
20223,11500520,등촌1동,24118,11283,12835,2654,4989,6008,3255,3033,4179,1455,1994,2894,1605,1474,1861,1199,2995,3114,1650,1559,2318,13153
20223,11500530,등촌2동,21104,10340,10764,2962,3315,3540,3071,3453,4763,1604,1658,1791,1495,1601,2191,1358,1657,1749,1576,1852,2572,8766
20223,11500535,등촌3동,31490,15009,16481,3782,4182,4663,3927,5370,9566,1969,2152,2403,1873,2461,4151,1813,2030,2260,2054,2909,5415,15067
20223,11500540,화곡1동,51115,24830,26285,5142,9133,10320,7382,7240,11898,2596,4115,5477,3856,3406,5380,2546,5018,4843,3526,3834,6518,26338
20223,11500550,화곡2동,17836,8686,9150,2559,2533,2796,3000,2785,4163,1290,1276,1471,1516,1307,1826,1269,1257,1325,1484,1478,2337,7957
20223,11500560,화곡3동,21443,10303,11140,2897,3086,3161,3180,3268,5851,1501,1468,1580,1522,1547,2685,1396,1618,1581,1658,1721,3166,9239
20223,11500570,화곡4동,20867,10214,10653,2499,2942,3333,3221,3401,5471,1296,1520,1731,1661,1616,2390,1203,1422,1602,1560,1785,3081,9638
20223,11500590,화곡본동,38372,18719,19653,5238,6547,7107,6129,5477,7874,2753,3077,3808,3121,2574,3386,2485,3470,3299,3008,2903,4488,18579
20223,11500591,화곡6동,24230,11844,12386,2858,4152,4039,3536,3860,5785,1539,1967,2075,1787,1837,2639,1319,2185,1964,1749,2023,3146,11873
20223,11500593,화곡8동,24746,11897,12849,2940,3770,4188,3938,3696,6214,1476,1845,2187,2001,1658,2730,1464,1925,2001,1937,2038,3484,11583
20223,11500603,가양1동,34206,15801,18405,3618,8428,8327,4599,4299,4935,1870,2872,4201,2404,2066,2388,1748,5556,4126,2195,2233,2547,20072
20223,11500604,가양2동,14520,6884,7636,1002,1712,2413,1504,2215,5674,515,768,1249,770,1034,2548,487,944,1164,734,1181,3126,8052
20223,11500605,가양3동,15544,7269,8275,1344,1846,3144,1929,2277,5004,691,885,1578,1018,1069,2028,653,961,1566,911,1208,2976,7912
20223,11500611,발산1동,37403,17751,19652,8455,4620,4428,7260,5715,6925,4173,2271,2104,3445,2759,2999,4282,2349,2324,3815,2956,3926,13523
20223,11500615,우장산동,43678,20888,22790,9278,5266,5575,8655,6506,8398,4537,2517,2657,4051,3239,3887,4741,2749,2918,4604,3267,4511,16129
20223,11500620,공항동,26929,13662,13267,4329,3789,5023,4292,3815,5681,2235,1907,2615,2307,1938,2660,2094,1882,2408,1985,1877,3021,12784
20223,11500630,방화1동,44340,21631,22709,8542,5323,6504,7719,6535,9717,4264,2565,3196,3916,3186,4504,4278,2758,3308,3803,3349,5213,17489
20223,11500640,방화2동,23107,11401,11706,2617,3321,3480,3188,3709,6792,1375,1594,1877,1690,1845,3020,1242,1727,1603,1498,1864,3772,11644
20223,11500641,방화3동,23471,11391,12080,2893,2599,3732,3470,3614,7163,1488,1349,1923,1768,1741,3122,1405,1250,1809,1702,1873,4041,11330
20223,11530510,신도림동,36197,17684,18513,7148,4343,6241,6543,5098,6824,3622,2102,2985,3216,2514,3245,3526,2241,3256,3327,2584,3579,13483
20223,11530520,구로1동,21220,10412,10808,3848,2824,3884,3634,3012,4018,2016,1343,1949,1829,1433,1842,1832,1481,1935,1805,1579,2176,8364
20223,11530530,구로2동,24606,12419,12187,2338,3251,2934,3507,4720,7856,1232,1697,1620,1857,2466,3547,1106,1554,1314,1650,2254,4309,12794
20223,11530540,구로3동,23853,12153,11700,2782,4134,5016,4016,3059,4846,1440,2015,2716,2213,1608,2161,1342,2119,2300,1803,1451,2685,13227
20223,11530550,구로4동,20378,9883,10495,1962,2826,2934,2972,3533,6151,994,1340,1521,1510,1779,2739,968,1486,1413,1462,1754,3412,10711
20223,11530560,구로5동,29372,14272,15100,3455,5067,5452,4126,4556,6716,1764,2225,2725,2110,2303,3145,1691,2842,2727,2016,2253,3571,14707
20223,11530595,가리봉동,9271,5026,4245,523,1489,1256,1183,1866,2954,287,781,728,670,1107,1453,236,708,528,513,759,1501,6040
20223,11530720,고척1동,23146,11542,11604,3293,3293,2908,3512,3936,6204,1708,1726,1514,1778,1922,2894,1585,1567,1394,1734,2014,3310,9619
20223,11530730,고척2동,27366,13549,13817,4073,3615,3326,4289,4791,7272,2075,1861,1677,2166,2368,3402,1998,1754,1649,2123,2423,3870,11610
20223,11530740,개봉1동,34336,17169,17167,4655,4632,5074,4975,5860,9140,2348,2370,2651,2570,2913,4317,2307,2262,2423,2405,2947,4823,14937
20223,11530750,개봉2동,31775,15502,16273,4516,3870,4570,4857,4978,8984,2301,1947,2289,2488,2344,4133,2215,1923,2281,2369,2634,4851,12605
20223,11530760,개봉3동,20845,10201,10644,2668,2612,2786,3224,3495,6060,1373,1339,1442,1654,1643,2750,1295,1273,1344,1570,1852,3310,8842
20223,11530770,오류1동,22669,11102,11567,2472,3979,4361,3183,3057,5617,1247,1777,2260,1660,1539,2619,1225,2202,2101,1523,1518,2998,11785
20223,11530780,오류2동,39127,18870,20257,7244,4661,5182,6707,5695,9638,3694,2271,2548,3375,2716,4266,3550,2390,2634,3332,2979,5372,15629
20223,11530790,수궁동,23972,11848,12124,3493,3088,3317,3833,3932,6309,1869,1608,1699,1902,1866,2904,1624,1480,1618,1931,2066,3405,9967
20223,11530800,항동,16279,8030,8249,3918,1720,3914,2663,1745,2319,2034,808,1894,1419,801,1074,1884,912,2020,1244,944,1245,6135
20223,11545510,가산동,23050,12608,10442,1401,6523,5434,2749,2970,3973,677,3035,3382,1711,1740,2063,724,3488,2052,1038,1230,1910,15924
20223,11545610,독산1동,42270,21748,20522,5535,7328,8449,6238,6244,8476,2809,3664,4707,3402,3148,4018,2726,3664,3742,2836,3096,4458,21131
20223,11545620,독산2동,19016,9631,9385,2117,2842,2493,2608,3813,5143,1101,1488,1352,1324,1918,2448,1016,1354,1141,1284,1895,2695,9436
20223,11545630,독산3동,24503,12308,12195,2380,3852,3545,3276,4761,6689,1212,1917,1979,1708,2361,3131,1168,1935,1566,1568,2400,3558,12553
20223,11545640,독산4동,15537,7838,7699,1633,2287,1980,2113,3248,4276,826,1163,1097,1053,1661,2038,807,1124,883,1060,1587,2238,7657
20223,11545670,시흥1동,33778,16865,16913,4166,5050,4789,5006,5947,8820,2187,2577,2554,2554,2915,4078,1979,2473,2235,2452,3032,4742,16124
20223,11545680,시흥2동,21962,10590,11372,3715,2495,2481,3497,3808,5966,1841,1292,1215,1719,1794,2729,1874,1203,1266,1778,2014,3237,8474
20223,11545690,시흥3동,11130,5525,5605,1259,1445,1431,1564,2015,3416,624,772,763,811,974,1581,635,673,668,753,1041,1835,4771
20223,11545700,시흥4동,20791,10307,10484,2627,2732,2585,2974,3923,5950,1333,1430,1373,1495,1880,2796,1294,1302,1212,1479,2043,3154,9154
20223,11545710,시흥5동,19686,9806,9880,2392,2548,2284,2890,3563,6009,1205,1368,1229,1502,1823,2679,1187,1180,1055,1388,1740,3330,9414
20223,11560515,영등포본동,21466,11010,10456,2702,2850,3306,3147,3652,5809,1396,1535,1733,1658,1906,2782,1306,1315,1573,1489,1746,3027,10338
20223,11560535,영등포동,28026,15044,12982,2095,6712,6875,3512,3593,5239,1066,2922,3839,2082,2232,2903,1029,3790,3036,1430,1361,2336,18953
20223,11560540,여의동,34156,16052,18104,5856,3872,5277,5485,5170,8496,2924,1791,2411,2587,2511,3828,2932,2081,2866,2898,2659,4668,13784
20223,11560550,당산1동,20750,10190,10560,2137,3542,4245,2927,3064,4835,1067,1602,2227,1521,1543,2230,1070,1940,2018,1406,1521,2605,10797
20223,11560560,당산2동,37551,17619,19932,5102,7320,8220,5249,4820,6840,2561,3028,3962,2584,2310,3174,2541,4292,4258,2665,2510,3666,18478
20223,11560585,도림동,18248,9159,9089,1948,2777,3231,2742,3001,4549,1022,1303,1708,1461,1577,2088,926,1474,1523,1281,1424,2461,9436
20223,11560605,문래동,33159,16250,16909,6315,3845,6194,5984,4184,6637,3259,1830,2974,3018,2104,3065,3056,2015,3220,2966,2080,3572,13355
20223,11560610,양평1동,17384,8564,8820,2234,2734,4319,2766,2051,3280,1176,1174,2251,1463,1053,1447,1058,1560,2068,1303,998,1833,9134
20223,11560620,양평2동,22389,11124,11265,3257,3686,5186,3358,3054,3848,1686,1688,2679,1689,1591,1791,1571,1998,2507,1669,1463,2057,10325
20223,11560630,신길1동,17447,8874,8573,1483,3387,2981,2441,2551,4604,752,1672,1710,1339,1335,2066,731,1715,1271,1102,1216,2538,10413
20223,11560650,신길3동,16891,8320,8571,2331,2166,2546,2490,2900,4458,1212,1070,1311,1284,1442,2001,1119,1096,1235,1206,1458,2457,7653
20223,11560660,신길4동,10489,5201,5288,1221,1420,1452,1496,1851,3049,620,752,774,758,927,1370,601,668,678,738,924,1679,5042
20223,11560670,신길5동,11179,5420,5759,1586,1391,1637,1647,1942,2976,791,695,866,830,941,1297,795,696,771,817,1001,1679,4997
20223,11560680,신길6동,19624,9600,10024,2527,3210,3293,2849,2953,4792,1374,1515,1653,1464,1427,2167,1153,1695,1640,1385,1526,2625,9247
20223,11560690,신길7동,20286,10120,10166,3830,2814,3497,3315,3101,3729,2047,1424,1728,1667,1541,1713,1783,1390,1769,1648,1560,2016,7911
20223,11560700,대림1동,14842,7366,7476,1761,2165,1995,2123,2533,4265,963,1073,1044,1134,1239,1913,798,1092,951,989,1294,2352,7219
20223,11560710,대림2동,12409,6100,6309,1050,1896,1704,1695,2198,3866,528,973,925,883,1071,1720,522,923,779,812,1127,2146,6977
20223,11560720,대림3동,22896,11479,11417,2642,3167,3292,3186,4257,6352,1368,1652,1778,1590,2128,2963,1274,1515,1514,1596,2129,3389,10429
20223,11590510,노량진1동,32054,15972,16082,3941,5592,5423,4353,4703,8042,2017,2937,2923,2265,2275,3555,1924,2655,2500,2088,2428,4487,15709
20223,11590520,노량진2동,12664,6491,6173,913,2337,1917,1552,2144,3801,477,1211,1127,853,1091,1732,436,1126,790,699,1053,2069,7466
20223,11590530,상도1동,45153,21834,23319,6123,9857,6311,6578,6345,9939,3111,4984,3119,3261,2960,4399,3012,4873,3192,3317,3385,5540,21584
20223,11590540,상도2동,27835,13383,14452,4175,4297,4679,4310,4116,6258,2137,2046,2276,2160,1975,2789,2038,2251,2403,2150,2141,3469,12575
20223,11590550,상도3동,25071,11976,13095,2902,4223,4208,3690,3881,6167,1480,1952,2186,1817,1849,2692,1422,2271,2022,1873,2032,3475,12051
20223,11590560,상도4동,28885,14018,14867,3599,4580,4840,4380,4403,7083,1897,2185,2522,2215,2092,3107,1702,2395,2318,2165,2311,3976,13804
20223,11590605,흑석동,32306,15694,16612,4521,5138,4548,4891,5216,7992,2321,2681,2248,2501,2478,3465,2200,2457,2300,2390,2738,4527,14266
20223,11590620,사당1동,23072,10944,12128,1730,5253,4655,2944,3088,5402,899,2260,2433,1510,1404,2438,831,2993,2222,1434,1684,2964,13289
20223,11590630,사당2동,27227,13111,14116,3452,3684,4489,4047,4186,7369,1852,1759,2225,1987,1994,3294,1600,1925,2264,2060,2192,4075,11947
20223,11590640,사당3동,25027,12119,12908,3769,3398,4133,3830,3640,6257,1968,1584,1974,1963,1721,2909,1801,1814,2159,1867,1919,3348,10564
20223,11590650,사당4동,14426,6900,7526,1501,2526,2494,2072,2102,3731,789,1168,1267,1076,967,1633,712,1358,1227,996,1135,2098,7154
20223,11590651,사당5동,14690,7131,7559,2065,2219,2597,2336,2184,3289,1067,1084,1321,1162,1031,1466,998,1135,1276,1174,1153,1823,6600
20223,11590660,대방동,38781,18450,20331,6483,6483,5434,6622,5833,7926,3192,3069,2662,3199,2929,3399,3291,3414,2772,3423,2904,4527,17282
20223,11590670,신대방1동,23662,11391,12271,4053,3406,3095,4027,3728,5353,2017,1635,1525,1917,1864,2433,2036,1771,1570,2110,1864,2920,10234
20223,11590680,신대방2동,20916,9943,10973,3271,3590,3408,3367,2789,4491,1652,1582,1665,1667,1341,2036,1619,2008,1743,1700,1448,2455,9769
20223,11620525,보라매동,23236,11427,11809,2448,4518,3839,3217,3219,5995,1286,2178,2100,1657,1518,2688,1162,2340,1739,1560,1701,3307,12009
20223,11620545,청림동,15551,7619,7932,2441,1851,2604,2481,2323,3851,1269,981,1307,1259,1142,1661,1172,870,1297,1222,1181,2190,6553
20223,11620565,성현동,33366,16092,17274,5398,4672,4512,5523,5221,8040,2827,2292,2250,2746,2528,3449,2571,2380,2262,2777,2693,4591,14122
20223,11620575,행운동,28912,14070,14842,2547,7342,5965,3654,3417,5987,1292,3311,3182,1915,1676,2694,1255,4031,2783,1739,1741,3293,17137
20223,11620585,낙성대동,15664,7865,7799,1312,5066,3223,1829,1583,2651,640,2416,1813,963,827,1206,672,2650,1410,866,756,1445,10254
20223,11620595,청룡동,34681,16671,18010,2915,11004,6667,4022,3847,6226,1431,4833,3542,2086,1942,2837,1484,6171,3125,1936,1905,3389,22229
20223,11620605,은천동,33720,16494,17226,4752,5449,5331,5238,4853,8097,2471,2592,2762,2702,2376,3591,2281,2857,2569,2536,2477,4506,15937
20223,11620615,중앙동,15166,7234,7932,1001,4394,2978,1720,1798,3275,507,1802,1624,936,899,1466,494,2592,1354,784,899,1809,9605
20223,11620625,인헌동,25460,12424,13036,2650,5694,4837,3503,3379,5397,1372,2688,2523,1778,1650,2413,1278,3006,2314,1725,1729,2984,13908
20223,11620630,남현동,18396,8882,9514,1833,3952,3720,2307,2559,4025,922,1783,1974,1198,1165,1840,911,2169,1746,1109,1394,2185,9538
20223,11620645,서원동,22343,11505,10838,1495,6371,4452,2707,2732,4586,770,3244,2599,1489,1305,2098,725,3127,1853,1218,1427,2488,13823
20223,11620655,신원동,18098,9066,9032,1459,4347,3218,2251,2420,4403,712,2194,1849,1221,1197,1893,747,2153,1369,1030,1223,2510,10797
20223,11620665,서림동,25506,13917,11589,2099,6035,5061,3556,3385,5370,1080,3335,3097,2132,1784,2489,1019,2700,1964,1424,1601,2881,15523
20223,11620685,신사동,22688,11352,11336,1931,5761,3910,2995,3223,4868,1039,2713,2213,1551,1600,2236,892,3048,1697,1444,1623,2632,13680
20223,11620695,신림동,21839,11395,10444,839,8411,5604,2485,1751,2749,416,4061,3225,1428,983,1282,423,4350,2379,1057,768,1467,17289
20223,11620715,난향동,15780,7777,8003,2670,1723,1904,2973,2567,3943,1355,886,944,1501,1293,1798,1315,837,960,1472,1274,2145,6422
20223,11620725,조원동,17480,8832,8648,1515,4082,3265,2234,2393,3991,759,1858,1834,1189,1265,1927,756,2224,1431,1045,1128,2064,10649
20223,11620735,대학동,24481,14713,9768,1847,6547,4989,3662,3212,4224,955,3889,3323,2473,2007,2066,892,2658,1666,1189,1205,2158,16777
20223,11620745,삼성동,23760,11871,11889,2455,2905,2688,3408,4238,8066,1308,1551,1525,1819,2119,3549,1147,1354,1163,1589,2119,4517,11204
20223,11620765,미성동,30979,15172,15807,4055,4797,4264,4700,4963,8200,2026,2369,2225,2407,2380,3765,2029,2428,2039,2293,2583,4435,14102
20223,11620775,난곡동,27330,13700,13630,3204,4102,3697,3921,4891,7515,1666,2135,2017,2058,2377,3447,1538,1967,1680,1863,2514,4068,12972
20223,11650510,서초1동,21009,10095,10914,3483,2834,3598,3801,2998,4295,1805,1355,1646,1827,1453,2009,1678,1479,1952,1974,1545,2286,9350
20223,11650520,서초2동,21404,10200,11204,3682,3055,4227,3838,2854,3748,1894,1368,1938,1830,1427,1743,1788,1687,2289,2008,1427,2005,9671
20223,11650530,서초3동,31930,15560,16370,4574,5251,5390,5052,4888,6775,2553,2465,2562,2392,2409,3179,2021,2786,2828,2660,2479,3596,14565
20223,11650531,서초4동,31457,15285,16172,7211,3587,3731,6395,4772,5761,3761,1736,1601,2974,2491,2722,3450,1851,2130,3421,2281,3039,11005
20223,11650540,잠원동,28349,13589,14760,5634,3683,3857,5551,4624,5000,2905,1773,1764,2544,2319,2284,2729,1910,2093,3007,2305,2716,11449
20223,11650550,반포본동,11947,5637,6310,2490,1494,892,2258,2175,2638,1277,719,401,924,1105,1211,1213,775,491,1334,1070,1427,4107
20223,11650560,반포1동,32298,15597,16701,6603,4226,5496,6623,4116,5234,3348,1923,2493,3327,2130,2376,3255,2303,3003,3296,1986,2858,14274
20223,11650570,반포2동,16079,7668,8411,4625,1360,1541,3721,2142,2690,2335,665,610,1697,1152,1209,2290,695,931,2024,990,1481,5109
20223,11650580,반포3동,22333,10576,11757,4968,2497,2613,4569,3491,4195,2554,1232,1151,2045,1768,1826,2414,1265,1462,2524,1723,2369,7739
20223,11650581,반포4동,19377,9164,10213,3854,2328,2649,3579,2865,4102,2017,1114,1171,1625,1372,1865,1837,1214,1478,1954,1493,2237,7275
20223,11650590,방배본동,21099,9797,11302,4277,2681,2432,3961,3423,4325,2062,1252,1077,1755,1706,1945,2215,1429,1355,2206,1717,2380,7997
20223,11650600,방배1동,17245,8086,9159,2512,2499,2969,2797,2455,4013,1311,1188,1346,1291,1144,1806,1201,1311,1623,1506,1311,2207,7644
20223,11650610,방배2동,20247,9493,10754,2819,2861,3177,3080,3164,5146,1434,1420,1474,1436,1433,2296,1385,1441,1703,1644,1731,2850,8671
20223,11650620,방배3동,21283,10278,11005,3322,2781,2942,3220,3528,5490,1710,1453,1406,1479,1644,2586,1612,1328,1536,1741,1884,2904,8284
20223,11650621,방배4동,23722,10840,12882,4290,3204,3625,4292,3525,4786,2036,1410,1603,1921,1708,2162,2254,1794,2022,2371,1817,2624,9812
20223,11650651,양재1동,44542,21287,23255,8390,5396,6773,7771,6302,9910,4300,2637,3243,3789,3000,4318,4090,2759,3530,3982,3302,5592,18222
20223,11650652,양재2동,22452,11264,11188,3064,3369,4543,3733,3340,4403,1606,1705,2366,1912,1643,2032,1458,1664,2177,1821,1697,2371,10829
20223,11650660,내곡동,17915,8715,9200,3318,1925,2725,3049,2476,4422,1677,1006,1269,1547,1161,2055,1641,919,1456,1502,1315,2367,7209
20223,11680510,신사동,16672,7731,8941,2650,2279,2384,2954,2499,3906,1354,1044,1054,1294,1235,1750,1296,1235,1330,1660,1264,2156,7323
20223,11680521,논현1동,22994,10809,12185,1589,4626,5821,3871,2821,4266,767,2092,2774,1866,1410,1900,822,2534,3047,2005,1411,2366,14400
20223,11680531,논현2동,21740,10121,11619,2445,3552,4562,3824,2978,4379,1264,1589,2048,1838,1458,1924,1181,1963,2514,1986,1520,2455,11676
20223,11680545,압구정동,27248,12572,14676,4957,3193,3377,4883,4104,6734,2375,1503,1445,2226,2016,3007,2582,1690,1932,2657,2088,3727,10622
20223,11680565,청담동,27014,12627,14387,4437,3801,4440,4805,3989,5542,2374,1718,1922,2212,1865,2536,2063,2083,2518,2593,2124,3006,11801
20223,11680580,삼성1동,13407,6623,6784,2141,1913,1955,2183,2170,3045,1205,1031,910,1005,1046,1426,936,882,1045,1178,1124,1619,5675
20223,11680590,삼성2동,30115,14342,15773,5917,3889,4981,6443,4143,4742,3215,1842,2094,2957,2115,2119,2702,2047,2887,3486,2028,2623,13439
20223,11680600,대치1동,24900,12528,12372,7507,2475,1568,6133,3814,3403,4189,1266,610,2705,2126,1632,3318,1209,958,3428,1688,1771,7380
20223,11680610,대치2동,37565,19103,18462,8358,4959,3268,7283,6730,6967,4874,2688,1512,3105,3518,3406,3484,2271,1756,4178,3212,3561,12986
20223,11680630,대치4동,20478,9657,10821,3322,3441,3367,4104,3213,3031,1758,1649,1508,1761,1619,1362,1564,1792,1859,2343,1594,1669,10328
20223,11680640,역삼1동,35804,17333,18471,2485,7528,10082,6058,4240,5411,1252,3206,5008,3103,2235,2529,1233,4322,5074,2955,2005,2882,23983
20223,11680650,역삼2동,36944,17309,19635,8499,4687,5243,8651,4847,5017,4158,2022,2250,3998,2632,2249,4341,2665,2993,4653,2215,2768,15675
20223,11680655,도곡1동,22087,10464,11623,4120,2986,3231,3872,3516,4362,1947,1400,1450,1848,1708,2111,2173,1586,1781,2024,1808,2251,8661
20223,11680656,도곡2동,33941,15779,18162,7711,4013,3590,6550,5477,6600,3594,1857,1463,2932,2746,3187,4117,2156,2127,3618,2731,3413,11792
20223,11680660,개포1동,6408,3121,3287,969,734,663,915,1044,2083,493,377,307,436,523,985,476,357,356,479,521,1098,2465
20223,11680670,개포2동,22211,10732,11479,4194,2920,2791,3692,3834,4780,2084,1508,1314,1689,1847,2290,2110,1412,1477,2003,1987,2490,8033
20223,11680690,개포4동,22529,10991,11538,3691,3161,3468,3759,3781,4669,1898,1599,1709,1775,1869,2141,1793,1562,1759,1984,1912,2528,9499
20223,11680700,세곡동,44314,21044,23270,9067,5380,6879,7809,6014,9165,4496,2594,3149,3846,2925,4034,4571,2786,3730,3963,3089,5131,17965
20223,11680720,일원본동,23927,11793,12134,5606,2620,2981,4542,3720,4458,3159,1363,1362,2093,1808,2008,2447,1257,1619,2449,1912,2450,8146
20223,11680730,일원1동,15672,7693,7979,1950,2208,2268,2145,2515,4586,1060,1150,1195,1092,1205,1991,890,1058,1073,1053,1310,2595,7465
20223,11680740,일원2동,17642,8556,9086,3007,1940,2579,3044,2602,4470,1748,1044,1243,1464,1255,1802,1259,896,1336,1580,1347,2668,7357
20223,11680750,수서동,15241,6919,8322,1214,1614,2318,1654,2259,6182,611,827,1166,871,1011,2433,603,787,1152,783,1248,3749,7876
20223,11710510,풍납1동,13896,6829,7067,1591,1720,1943,1993,2447,4202,854,906,1010,988,1184,1887,737,814,933,1005,1263,2315,6377
20223,11710520,풍납2동,25501,12123,13378,4043,3836,4296,4061,3703,5562,2066,1685,2035,1964,1800,2573,1977,2151,2261,2097,1903,2989,11071
20223,11710531,거여1동,12616,6407,6209,1624,1796,1715,1883,2273,3325,864,952,908,946,1149,1588,760,844,807,937,1124,1737,5510
20223,11710532,거여2동,19174,9408,9766,2911,2233,2678,3028,3315,5009,1544,1149,1362,1477,1614,2262,1367,1084,1316,1551,1701,2747,8170
20223,11710540,마천1동,19745,10078,9667,2616,2382,2237,2864,3618,6028,1349,1239,1240,1474,1930,2846,1267,1143,997,1390,1688,3182,8972
20223,11710550,마천2동,19564,9919,9645,2299,2476,2292,2772,3724,6001,1169,1327,1268,1459,1893,2803,1130,1149,1024,1313,1831,3198,8886
20223,11710561,방이1동,16193,7804,8389,2786,2490,2282,2697,2698,3240,1415,1272,1089,1237,1272,1519,1371,1218,1193,1460,1426,1721,6317
20223,11710562,방이2동,26148,12310,13838,2469,5177,5982,3661,3645,5214,1325,2194,2922,1790,1703,2376,1144,2983,3060,1871,1942,2838,14550
20223,11710566,오륜동,18483,9090,9393,4132,2182,1719,3403,3135,3912,2270,1153,720,1504,1557,1886,1862,1029,999,1899,1578,2026,5956
20223,11710570,오금동,39515,19163,20352,6095,5603,5699,5845,6883,9390,3194,2896,2797,2740,3225,4311,2901,2707,2902,3105,3658,5079,15693
20223,11710580,송파1동,24810,11632,13178,2634,4604,5425,3506,3518,5123,1313,2067,2648,1636,1622,2346,1321,2537,2777,1870,1896,2777,12434
20223,11710590,송파2동,20645,9906,10739,3578,2924,3076,3185,3366,4516,1804,1372,1460,1526,1606,2138,1774,1552,1616,1659,1760,2378,7647
20223,11710600,석촌동,32530,15505,17025,3554,5621,7052,4925,4728,6650,1809,2555,3402,2431,2280,3028,1745,3066,3650,2494,2448,3622,17072
20223,11710610,삼전동,31448,14829,16619,3634,5375,6677,5192,4518,6052,1877,2401,3288,2482,2104,2677,1757,2974,3389,2710,2414,3375,16326
20223,11710620,가락본동,27076,13418,13658,3532,4197,4793,3897,4753,5904,1836,2052,2439,1916,2319,2856,1696,2145,2354,1981,2434,3048,12010
20223,11710631,가락1동,27823,13521,14302,5459,3556,5350,4458,4032,4968,2829,1755,2531,2168,1896,2342,2630,1801,2819,2290,2136,2626,9908
20223,11710632,가락2동,33013,16237,16776,6137,4580,4836,5658,5272,6530,3225,2307,2343,2727,2549,3086,2912,2273,2493,2931,2723,3444,12379
20223,11710641,문정1동,20369,10050,10319,2824,3252,3529,2842,3347,4575,1468,1612,1813,1383,1571,2203,1356,1640,1716,1459,1776,2372,8431
20223,11710642,문정2동,29877,13858,16019,3239,5334,7644,4400,3626,5634,1659,2074,3549,2134,1773,2669,1580,3260,4095,2266,1853,2965,15761
20223,11710646,장지동,30000,14522,15478,5192,4094,4784,4776,4875,6279,2658,2056,2409,2337,2279,2783,2534,2038,2375,2439,2596,3496,12080
20223,11710647,위례동,30548,14863,15685,8837,2965,5317,6212,3558,3659,4431,1484,2420,3148,1765,1615,4406,1481,2897,3064,1793,2044,9900
20223,11710650,잠실본동,28558,13478,15080,3080,5101,6179,4452,4131,5615,1544,2252,3021,2143,1953,2565,1536,2849,3158,2309,2178,3050,15419
20223,11710670,잠실2동,36151,17260,18891,10069,3308,4094,8723,4853,5104,5081,1556,1644,4059,2641,2279,4988,1752,2450,4664,2212,2825,11899
20223,11710680,잠실3동,35314,16819,18495,7348,3923,4489,6295,5306,7953,3776,1876,1922,2920,2599,3726,3572,2047,2567,3375,2707,4227,12130
20223,11710690,잠실4동,21711,10433,11278,5208,2036,3121,4381,2899,4066,2682,1004,1302,2126,1436,1883,2526,1032,1819,2255,1463,2183,7418
20223,11710710,잠실6동,17212,8128,9084,3242,2014,2372,2779,2661,4144,1632,956,1051,1293,1232,1964,1610,1058,1321,1486,1429,2180,5983
20223,11710720,잠실7동,9882,4607,5275,1631,1286,1024,1402,1672,2867,733,615,466,621,813,1359,898,671,558,781,859,1508,3465
20223,11740515,강일동,35390,17082,18308,7624,4276,4332,5989,5365,7804,3929,2126,2040,2881,2636,3470,3695,2150,2292,3108,2729,4334,12960
20223,11740520,상일동,33197,16367,16830,7513,3597,5313,5919,4811,6044,3853,1862,2450,2986,2287,2929,3660,1735,2863,2933,2524,3115,11601
20223,11740530,명일1동,26280,12827,13453,4659,3266,4153,4261,4065,5876,2431,1635,2082,2044,1941,2694,2228,1631,2071,2217,2124,3182,10105
20223,11740540,명일2동,17494,8654,8840,3702,2192,1882,3116,2750,3852,1985,1129,937,1397,1358,1848,1717,1063,945,1719,1392,2004,6115
20223,11740550,고덕1동,25955,13187,12768,6578,2474,3548,5474,3467,4414,3612,1324,1661,2745,1769,2076,2966,1150,1887,2729,1698,2338,8800
20223,11740560,고덕2동,22444,11355,11089,4516,2448,3993,3796,3301,4390,2357,1289,1957,1975,1660,2117,2159,1159,2036,1821,1641,2273,8705
20223,11740570,암사1동,35440,17548,17892,4836,4853,5290,5602,6013,8846,2458,2531,2738,2867,2944,4010,2378,2322,2552,2735,3069,4836,16172
20223,11740580,암사2동,15439,7481,7958,2450,2002,2920,2411,2241,3415,1230,967,1444,1210,1072,1558,1220,1035,1476,1201,1169,1857,6352
20223,11740590,암사3동,18359,8985,9374,3974,1970,2617,3282,2693,3823,2051,976,1202,1630,1298,1828,1923,994,1415,1652,1395,1995,6369
20223,11740600,천호1동,27485,13505,13980,3234,3850,4108,4108,4623,7562,1642,1932,2155,2155,2190,3431,1592,1918,1953,1953,2433,4131,12913
20223,11740610,천호2동,34494,17015,17479,3607,4975,6295,5026,5716,8875,1868,2349,3246,2600,2851,4101,1739,2626,3049,2426,2865,4774,17730
20223,11740620,천호3동,26573,12981,13592,2625,4225,4803,3788,4258,6874,1357,1864,2403,1968,2204,3185,1268,2361,2400,1820,2054,3689,13901
20223,11740640,성내1동,20230,9815,10415,3333,2716,3393,3322,3043,4423,1742,1345,1649,1613,1440,2026,1591,1371,1744,1709,1603,2397,8258
20223,11740650,성내2동,24318,11935,12383,2332,3995,4327,3504,3832,6328,1187,1811,2265,1813,1900,2959,1145,2184,2062,1691,1932,3369,12909
20223,11740660,성내3동,23440,11544,11896,3073,3628,3584,3615,3975,5565,1725,1882,1823,1766,1892,2456,1348,1746,1761,1849,2083,3109,10606
20223,11740685,길동,46576,22715,23861,5584,7189,7606,6859,7605,11733,2907,3400,3893,3508,3615,5392,2677,3789,3713,3351,3990,6341,21589
20223,11740690,둔촌1동,24,17,7,4,3,4,0,3,10,4,3,2,0,1,7,0,0,2,0,2,3,14
20223,11740700,둔촌2동,26347,12961,13386,4011,3746,3861,3901,4390,6438,2095,1883,1967,1950,2073,2993,1916,1863,1894,1951,2317,3445,11040
20222,11710720,잠실7동,9882,4607,5275,1631,1286,1024,1402,1672,2867,733,615,466,621,813,1359,898,671,558,781,859,1508,3465
20222,11110515,청운효자동,12434,5780,6654,1993,1594,1697,2148,1979,3023,1046,793,780,967,919,1275,947,801,917,1181,1060,1748,5352
20222,11110530,사직동,9524,4267,5257,1267,1238,1443,1476,1562,2538,601,568,619,659,700,1120,666,670,824,817,862,1418,4758
20222,11110540,삼청동,2635,1271,1364,295,320,360,369,413,878,157,171,177,178,205,383,138,149,183,191,208,495,1340
20222,11110550,부암동,10015,4765,5250,1479,1340,1236,1628,1723,2609,778,689,588,755,782,1173,701,651,648,873,941,1436,4389
20222,11110560,평창동,18390,8553,9837,2815,2450,2233,2767,3266,4859,1428,1248,1032,1222,1474,2149,1387,1202,1201,1545,1792,2710,7519
20222,11110570,무악동,8541,3977,4564,1707,935,941,1505,1419,2034,779,431,427,709,744,887,928,504,514,796,675,1147,3189
20222,11110580,교남동,10466,4838,5628,1725,1272,1709,1852,1615,2293,844,603,790,873,776,952,881,669,919,979,839,1341,4594
20222,11110600,가회동,4325,2003,2322,544,493,573,767,685,1263,289,232,266,363,315,538,255,261,307,404,370,725,2075
20222,11110615,종로1?2?3?4가동,7242,4344,2898,394,878,939,959,1338,2734,208,460,528,598,942,1608,186,418,411,361,396,1126,5274
20222,11110630,종로5?6가동,5219,2821,2398,348,1066,704,586,977,1538,171,543,407,350,554,796,177,523,297,236,423,742,3392
20222,11110640,이화동,7603,3575,4028,664,1686,1243,974,1107,1929,323,780,606,489,545,832,341,906,637,485,562,1097,4433
20222,11110650,혜화동,16799,8091,8708,2001,4486,2077,2295,2302,3638,989,2213,1103,1098,1110,1578,1012,2273,974,1197,1192,2060,9367
20222,11110670,창신1동,5129,2771,2358,372,612,538,637,1112,1858,195,334,311,327,622,982,177,278,227,310,490,876,2960
20222,11110680,창신2동,8326,4290,4036,754,1169,895,1105,1832,2571,403,631,520,572,978,1186,351,538,375,533,854,1385,4184
20222,11110690,창신3동,6921,3393,3528,907,966,962,956,1290,1840,460,522,466,462,630,853,447,444,496,494,660,987,2911
20222,11110700,숭인1동,6080,2963,3117,648,807,829,943,1147,1706,312,420,428,494,565,744,336,387,401,449,582,962,3038
20222,11110710,숭인2동,9700,4913,4787,621,2093,1564,1262,1677,2483,312,864,859,712,913,1253,309,1229,705,550,764,1230,6160
20222,11140520,소공동,2073,1027,1046,280,219,421,449,307,397,126,90,206,241,158,206,154,129,215,208,149,191,1130
20222,11140540,회현동,5124,2713,2411,393,509,537,665,968,2052,191,226,253,365,569,1109,202,283,284,300,399,943,3014
20222,11140550,명동,2766,1177,1589,205,279,339,418,494,1031,108,130,164,182,206,387,97,149,175,236,288,644,1414
20222,11140570,필동,4038,2083,1955,361,727,624,493,611,1222,194,369,345,274,347,554,167,358,279,219,264,668,2408
20222,11140580,장충동,4665,2358,2307,472,1255,665,562,595,1116,239,672,349,300,300,498,233,583,316,262,295,618,2753
20222,11140590,광희동,5204,2697,2507,330,890,815,636,874,1659,171,381,454,355,497,839,159,509,361,281,377,820,3279
20222,11140605,을지로동,1959,1159,800,94,266,350,208,326,715,39,113,208,134,229,436,55,153,142,74,97,279,1504
20222,11140615,신당동,7698,3852,3846,564,1368,1310,1054,1396,2006,270,654,666,572,744,946,294,714,644,482,652,1060,4635
20222,11140625,다산동,14154,6850,7304,1392,2367,2249,2054,2295,3797,735,1146,1173,1037,1088,1671,657,1221,1076,1017,1207,2126,6915
20222,11140635,약수동,17127,8063,9064,2082,2019,2422,2464,2844,5296,1035,1013,1142,1226,1352,2295,1047,1006,1280,1238,1492,3001,7802
20222,11140645,청구동,14045,6664,7381,1656,2015,2203,1950,2371,3850,828,980,1101,953,1145,1657,828,1035,1102,997,1226,2193,6400
20222,11140650,신당5동,10518,5116,5402,1127,1672,1748,1550,1869,2552,566,773,883,787,982,1125,561,899,865,763,887,1427,5386
20222,11140665,동화동,10659,5140,5519,1596,1436,1344,1595,1957,2731,837,708,621,779,942,1253,759,728,723,816,1015,1478,4170
20222,11140670,황학동,12570,5998,6572,1255,2086,2794,1829,1784,2822,639,874,1376,899,909,1301,616,1212,1418,930,875,1521,6918
20222,11140680,중림동,12288,6125,6163,1794,1453,2254,2037,1944,2806,924,711,1073,1080,1004,1333,870,742,1181,957,940,1473,5647
20222,11170510,후암동,17736,8616,9120,2243,2606,2834,2810,2871,4372,1206,1315,1477,1347,1399,1872,1037,1291,1357,1463,1472,2500,8724
20222,11170520,용산2가동,9925,4771,5154,890,1548,1728,1381,1447,2931,458,805,893,707,670,1238,432,743,835,674,777,1693,5384
20222,11170530,남영동,7618,4636,2982,452,957,1041,1101,1625,2442,238,455,555,710,1144,1534,214,502,486,391,481,908,5384
20222,11170555,청파동,19837,9323,10514,1842,4244,3115,2758,3135,4743,954,1696,1686,1393,1553,2041,888,2548,1429,1365,1582,2702,11102
20222,11170560,원효로1동,16085,7749,8336,2188,2447,3698,2630,2210,2912,1121,1036,1809,1356,1093,1334,1067,1411,1889,1274,1117,1578,8035
20222,11170570,원효로2동,14197,6674,7523,2193,1857,2069,2306,2349,3423,968,872,1048,1127,1161,1498,1225,985,1021,1179,1188,1925,6038
20222,11170580,효창동,10191,4829,5362,1535,1574,1858,1571,1559,2094,792,733,902,744,749,909,743,841,956,827,810,1185,4373
20222,11170590,용문동,12297,5862,6435,1600,1849,2023,1852,1974,2999,818,885,989,912,975,1283,782,964,1034,940,999,1716,5438
20222,11170625,한강로동,19846,9585,10261,2117,3124,4016,2797,3365,4427,1107,1404,1912,1367,1665,2130,1010,1720,2104,1430,1700,2297,10405
20222,11170630,이촌1동,28160,13165,14995,5655,3004,3670,4920,4593,6318,2902,1468,1637,2205,2205,2748,2753,1536,2033,2715,2388,3570,10344
20222,11170640,이촌2동,8729,4103,4626,1077,965,1469,1258,1406,2554,552,476,745,620,652,1058,525,489,724,638,754,1496,3847
20222,11170650,이태원1동,6926,3294,3632,516,1054,1152,884,1130,2190,259,544,635,431,527,898,257,510,517,453,603,1292,3935
20222,11170660,이태원2동,9269,4266,5003,924,1400,1658,1420,1298,2569,459,686,825,674,583,1039,465,714,833,746,715,1530,5025
20222,11170685,한남동,21151,10175,10976,2336,2782,4033,3373,3289,5338,1216,1398,1985,1674,1573,2329,1120,1384,2048,1699,1716,3009,11412
20222,11170690,서빙고동,13196,6333,6863,2260,1801,1525,2470,2221,2919,1147,890,741,1166,1113,1276,1113,911,784,1304,1108,1643,5326
20222,11170700,보광동,14218,7045,7173,1259,2232,2158,2093,2490,3986,700,1252,1191,1051,1220,1631,559,980,967,1042,1270,2355,7784
20222,11200520,왕십리2동,17081,8307,8774,2432,2503,2939,2650,2746,3811,1247,1195,1474,1325,1327,1739,1185,1308,1465,1325,1419,2072,7629
20222,11200535,왕십리도선동,27086,12915,14171,3947,4406,4765,4037,4411,5520,2018,2036,2224,2026,2092,2519,1929,2370,2541,2011,2319,3001,12023
20222,11200540,마장동,22773,11240,11533,2826,4369,3275,3017,3712,5574,1427,2179,1689,1533,1816,2596,1399,2190,1586,1484,1896,2978,10912
20222,11200550,사근동,11920,6090,5830,1201,4632,1592,1152,1286,2057,564,2509,889,601,633,894,637,2123,703,551,653,1163,7801
20222,11200560,행당1동,14071,6791,7280,2003,2218,2282,2168,2273,3127,986,1081,1120,1048,1107,1449,1017,1137,1162,1120,1166,1678,6455
20222,11200570,행당2동,24054,11286,12768,3931,3028,3708,4081,3923,5383,1875,1425,1760,1971,1919,2336,2056,1603,1948,2110,2004,3047,9483
20222,11200580,응봉동,15758,7475,8283,2869,1754,2248,2936,2483,3468,1427,868,1094,1400,1209,1477,1442,886,1154,1536,1274,1991,6128
20222,11200590,금호1가동,15703,7515,8188,2366,1819,2758,2549,2383,3828,1219,909,1282,1304,1146,1655,1147,910,1476,1245,1237,2173,6713
20222,11200615,금호2?3가동,23406,11157,12249,3246,2931,4172,3755,3692,5610,1657,1483,1996,1844,1765,2412,1589,1448,2176,1911,1927,3198,10318
20222,11200620,금호4가동,14708,7034,7674,2349,1510,2808,2574,2119,3348,1212,769,1316,1279,1037,1421,1137,741,1492,1295,1082,1927,6460
20222,11200645,옥수동,26675,12414,14261,4247,3013,5092,4504,3943,5876,2150,1377,2265,2223,1827,2572,2097,1636,2827,2281,2116,3304,11091
20222,11200650,성수1가1동,16575,8293,8282,2156,2555,2909,2406,3050,3499,1134,1335,1452,1163,1548,1661,1022,1220,1457,1243,1502,1838,7671
20222,11200660,성수1가2동,13438,6602,6836,1677,2149,2476,2094,2055,2987,848,1052,1204,1019,1068,1411,829,1097,1272,1075,987,1576,6504
20222,11200670,성수2가1동,16593,8680,7913,1727,2345,2616,2324,3148,4433,895,1253,1423,1226,1713,2170,832,1092,1193,1098,1435,2263,8455
20222,11200690,성수2가3동,11147,5651,5496,1109,2015,1961,1458,1845,2759,563,936,1041,746,987,1378,546,1079,920,712,858,1381,5700
20222,11200720,송정동,10729,5665,5064,1133,1712,1647,1557,1963,2717,602,888,897,856,1075,1347,531,824,750,701,888,1370,5572
20222,11200790,용답동,11806,6233,5573,1041,2074,1656,1752,2196,3087,534,965,898,1008,1298,1530,507,1109,758,744,898,1557,6872
20222,11215710,화양동,22632,10720,11912,1087,9645,4383,2184,2090,3243,508,4133,2295,1217,1105,1462,579,5512,2088,967,985,1781,17039
20222,11215730,군자동,19923,9831,10092,1936,4484,3639,2628,2895,4341,1006,2121,1868,1376,1458,2002,930,2363,1771,1252,1437,2339,11155
20222,11215740,중곡1동,16176,7887,8289,1601,2880,3068,2253,2606,3768,833,1317,1558,1163,1279,1737,768,1563,1510,1090,1327,2031,8508
20222,11215750,중곡2동,21787,10306,11481,2595,3874,3899,2982,3549,4888,1317,1730,1890,1472,1666,2231,1278,2144,2009,1510,1883,2657,10545
20222,11215760,중곡3동,16644,8257,8387,1716,2705,2744,2320,2910,4249,898,1343,1436,1184,1434,1962,818,1362,1308,1136,1476,2287,8551
20222,11215770,중곡4동,29181,14304,14877,3400,4472,4348,4146,5276,7539,1807,2245,2176,2108,2509,3459,1593,2227,2172,2038,2767,4080,13163
20222,11215780,능동,11615,5328,6287,1133,2404,2672,1643,1413,2350,586,1010,1195,829,652,1056,547,1394,1477,814,761,1294,6510
20222,11215810,광장동,35430,17108,18322,8824,4147,3834,7693,5468,5464,4537,2056,1650,3547,2785,2533,4287,2091,2184,4146,2683,2931,12065
20222,11215820,자양1동,22775,10942,11833,2529,4391,3787,3382,3627,5059,1286,2068,1901,1692,1749,2246,1243,2323,1886,1690,1878,2813,11855
20222,11215830,자양2동,25646,12492,13154,3521,3864,3931,4043,4283,6004,1842,1919,1942,2003,2004,2782,1679,1945,1989,2040,2279,3222,11214
20222,11215840,자양3동,28690,13776,14914,4975,3957,4335,4594,4673,6156,2475,1946,2052,2154,2253,2896,2500,2011,2283,2440,2420,3260,11170
20222,11215847,자양4동,17745,8826,8919,1591,2702,2606,2453,3099,5294,778,1318,1404,1283,1625,2418,813,1384,1202,1170,1474,2876,9474
20222,11215850,구의1동,22038,10524,11514,2045,4832,4230,3213,3188,4530,1031,2215,2122,1605,1546,2005,1014,2617,2108,1608,1642,2525,12108
20222,11215860,구의2동,26958,12964,13994,4138,3771,3883,4354,4526,6286,2097,1851,1942,2110,2165,2799,2041,1920,1941,2244,2361,3487,11685
20222,11215870,구의3동,29306,13933,15373,4413,4769,4624,4570,4898,6032,2193,2235,2247,2122,2339,2797,2220,2534,2377,2448,2559,3235,12201
20222,11230536,용신동,31118,15778,15340,2704,6129,5357,4225,4670,8033,1414,2903,2806,2318,2502,3835,1290,3226,2551,1907,2168,4198,18390
20222,11230545,제기동,24935,12789,12146,2428,4415,3263,3125,3836,7868,1253,2406,1820,1709,2020,3581,1175,2009,1443,1416,1816,4287,13286
20222,11230560,전농1동,30150,15129,15021,3806,4675,4382,4328,4909,8050,1928,2377,2263,2273,2519,3769,1878,2298,2119,2055,2390,4281,15185
20222,11230570,전농2동,19195,9231,9964,2975,2383,2304,3059,3296,5178,1480,1200,1161,1479,1613,2298,1495,1183,1143,1580,1683,2880,7805
20222,11230600,답십리1동,29090,14088,15002,4716,4011,5271,4716,4287,6089,2398,1865,2506,2451,2089,2779,2318,2146,2765,2265,2198,3310,12898
20222,11230610,답십리2동,29220,14189,15031,3839,3839,4490,4234,4976,7842,1921,1922,2288,2131,2430,3497,1918,1917,2202,2103,2546,4345,12848
20222,11230650,장안1동,38693,19230,19463,5173,5285,6342,6384,6071,9438,2659,2517,3272,3325,3000,4457,2514,2768,3070,3059,3071,4981,18258
20222,11230660,장안2동,33005,16505,16500,5728,3880,5160,5777,4941,7519,3020,2014,2570,2951,2476,3474,2708,1866,2590,2826,2465,4045,14016
20222,11230705,청량리동,19830,9886,9944,1906,2316,2220,2536,3474,7378,987,1232,1196,1336,1766,3369,919,1084,1024,1200,1708,4009,10036
20222,11230710,회기동,10447,5009,5438,1150,3163,1480,1327,1232,2095,573,1490,795,651,623,877,577,1673,685,676,609,1218,6296
20222,11230720,휘경1동,13616,6578,7038,1569,3278,2177,1698,1933,2961,793,1452,1131,876,961,1365,776,1826,1046,822,972,1596,7186
20222,11230730,휘경2동,24296,12051,12245,3314,5327,3015,3532,3537,5571,1618,2840,1606,1741,1741,2505,1696,2487,1409,1791,1796,3066,11851
20222,11230740,이문1동,18532,9220,9312,1993,4775,2170,2439,2613,4542,1009,2386,1233,1245,1348,1999,984,2389,937,1194,1265,2543,10572
20222,11230750,이문2동,20461,9917,10544,3111,2843,2518,3208,3420,5361,1559,1373,1262,1605,1709,2409,1552,1470,1256,1603,1711,2952,8712
20222,11260520,면목2동,24773,12340,12433,2884,3381,3293,3687,4931,6597,1440,1677,1740,1950,2517,3016,1444,1704,1553,1737,2414,3581,12298
20222,11260540,면목4동,18750,9350,9400,2207,2472,2623,2927,3238,5283,1158,1283,1376,1564,1612,2357,1049,1189,1247,1363,1626,2926,8959
20222,11260550,면목5동,15170,7642,7528,2296,1864,2772,2316,2575,3347,1164,953,1399,1253,1307,1566,1132,911,1373,1063,1268,1781,6602
20222,11260565,면목본동,34313,17041,17272,3553,5321,5289,5041,6298,8811,1792,2699,2779,2642,3102,4027,1761,2622,2510,2399,3196,4784,17765
20222,11260570,면목7동,22366,11210,11156,2455,3128,3426,3182,3927,6248,1318,1596,1763,1693,1906,2934,1137,1532,1663,1489,2021,3314,10708
20222,11260575,면목3?8동,25508,12676,12832,2598,3810,3613,3513,4721,7253,1334,1920,1926,1840,2301,3355,1264,1890,1687,1673,2420,3898,12759
20222,11260580,상봉1동,24775,12114,12661,3851,3574,3649,3602,4416,5683,2032,1762,1843,1764,2121,2592,1819,1812,1806,1838,2295,3091,10297
20222,11260590,상봉2동,19882,9674,10208,1606,4048,4117,2622,3103,4386,839,1702,2111,1380,1564,2078,767,2346,2006,1242,1539,2308,11702
20222,11260600,중화1동,20232,9911,10321,2627,2925,3217,2837,3381,5245,1333,1436,1670,1488,1575,2409,1294,1489,1547,1349,1806,2836,9121
20222,11260610,중화2동,25562,13123,12439,2236,3772,3694,3501,4968,7391,1192,1871,1974,1887,2635,3564,1044,1901,1720,1614,2333,3827,13880
20222,11260620,묵1동,35402,17135,18267,5518,4995,4950,5894,5553,8492,2814,2401,2449,2911,2669,3891,2704,2594,2501,2983,2884,4601,14972
20222,11260630,묵2동,19446,9570,9876,2330,2728,3123,2907,3245,5113,1208,1330,1630,1468,1588,2346,1122,1398,1493,1439,1657,2767,9338
20222,11260655,망우본동,30392,15262,15130,3381,4214,4110,4126,5693,8868,1713,2136,2142,2232,2865,4174,1668,2078,1968,1894,2828,4694,15073
20222,11260660,망우3동,17107,8588,8519,1962,2336,2149,2440,3321,4899,948,1191,1169,1254,1694,2332,1014,1145,980,1186,1627,2567,8431
20222,11260680,신내1동,39688,19315,20373,7169,4931,5130,6037,6572,9849,3676,2503,2528,3029,3110,4469,3493,2428,2602,3008,3462,5380,14806
20222,11260690,신내2동,21208,10115,11093,3132,2583,2946,3221,3559,5767,1600,1316,1446,1569,1674,2510,1532,1267,1500,1652,1885,3257,9076
20222,11290525,성북동,16832,7862,8970,1967,2808,2518,2545,2762,4232,1011,1287,1198,1210,1306,1850,956,1521,1320,1335,1456,2382,8225
20222,11290555,삼선동,23545,11221,12324,3053,4275,3339,3694,3674,5510,1597,1907,1646,1807,1847,2417,1456,2368,1693,1887,1827,3093,11689
20222,11290575,동선동,15583,6532,9051,1529,4477,2508,2036,1930,3103,712,1421,1154,973,958,1314,817,3056,1354,1063,972,1789,9347
20222,11290580,돈암1동,15288,7144,8144,2174,2082,1981,2215,2719,4117,1053,964,979,1037,1300,1811,1121,1118,1002,1178,1419,2306,6236
20222,11290590,돈암2동,24591,11692,12899,4892,3025,3040,4516,4079,5039,2475,1488,1421,2127,1965,2216,2417,1537,1619,2389,2114,2823,8735
20222,11290600,안암동,14908,7511,7397,1279,5070,2002,1660,2004,2893,660,2643,1121,851,990,1246,619,2427,881,809,1014,1647,9202
20222,11290610,보문동,15749,7608,8141,1933,2707,2624,2415,2553,3517,952,1335,1332,1227,1219,1543,981,1372,1292,1188,1334,1974,7827
20222,11290620,정릉1동,18647,9008,9639,3231,2318,2650,3258,2855,4335,1648,1159,1295,1589,1411,1906,1583,1159,1355,1669,1444,2429,7502
20222,11290630,정릉2동,23495,11368,12127,3412,3249,3158,3632,3747,6297,1740,1643,1612,1793,1808,2772,1672,1606,1546,1839,1939,3525,9882
20222,11290640,정릉3동,15532,7689,7843,1596,3171,1909,1949,2386,4521,817,1745,1074,958,1167,1928,779,1426,835,991,1219,2593,8011
20222,11290650,정릉4동,25601,12380,13221,3856,3267,3292,4220,4171,6795,2019,1691,1590,2086,2015,2979,1837,1576,1702,2134,2156,3816,10979
20222,11290660,길음1동,36397,17304,19093,8899,3486,4714,7942,4966,6390,4450,1667,2121,3814,2536,2716,4449,1819,2593,4128,2430,3674,12775
20222,11290685,길음2동,17041,8242,8799,2879,2126,2532,2956,2771,3777,1526,1016,1235,1410,1368,1687,1353,1110,1297,1546,1403,2090,7118
20222,11290705,종암동,39773,19588,20185,6415,5839,5234,6460,6365,9460,3409,3066,2603,3187,3172,4151,3006,2773,2631,3273,3193,5309,17435
20222,11290715,월곡1동,26920,13023,13897,4720,3043,3598,4607,4260,6692,2330,1462,1765,2323,2105,3038,2390,1581,1833,2284,2155,3654,10916
20222,11290725,월곡2동,19925,9584,10341,2596,3584,2738,2870,3042,5095,1341,1527,1415,1452,1549,2300,1255,2057,1323,1418,1493,2795,9615
20222,11290760,장위1동,20207,9845,10362,2501,3027,2472,2908,3818,5481,1259,1553,1355,1404,1833,2441,1242,1474,1117,1504,1985,3040,9162
20222,11290770,장위2동,13848,6857,6991,1506,1925,1701,1967,2454,4295,755,964,906,1057,1255,1920,751,961,795,910,1199,2375,6593
20222,11290780,장위3동,17221,8518,8703,3194,2227,2772,2748,2712,3568,1632,1082,1354,1393,1384,1673,1562,1145,1418,1355,1328,1895,7094
20222,11290810,석관동,35589,17616,17973,4272,5198,5027,5177,6014,9901,2230,2573,2584,2693,2957,4579,2042,2625,2443,2484,3057,5322,16697
20222,11305534,삼양동,24555,12239,12316,3286,3153,3031,3666,4374,7045,1720,1627,1609,1868,2210,3205,1566,1526,1422,1798,2164,3840,11377
20222,11305535,미아동,22217,10700,11517,2132,3868,2899,3093,3846,6379,1135,1674,1533,1614,1861,2883,997,2194,1366,1479,1985,3496,11775
20222,11305545,송중동,30349,14594,15755,3618,4271,4115,4607,5199,8539,1809,2091,2072,2347,2453,3822,1809,2180,2043,2260,2746,4717,14073
20222,11305555,송천동,27466,13641,13825,2718,3703,3290,3934,5055,8766,1375,1888,1760,2072,2547,3999,1343,1815,1530,1862,2508,4767,13795
20222,11305575,삼각산동,31996,15394,16602,7015,3387,3850,6493,4975,6276,3608,1678,1804,3139,2475,2690,3407,1709,2046,3354,2500,3586,11742
20222,11305595,번1동,19057,9573,9484,1792,3283,2816,2946,3130,5090,948,1587,1524,1560,1627,2327,844,1696,1292,1386,1503,2763,10476
20222,11305603,번2동,16440,7977,8463,1781,2212,1808,2427,2776,5436,941,1153,1005,1234,1352,2292,840,1059,803,1193,1424,3144,7659
20222,11305608,번3동,17545,8257,9288,2317,1943,1748,2673,2831,6033,1179,991,904,1367,1362,2454,1138,952,844,1306,1469,3579,7579
20222,11305615,수유1동,21236,10516,10720,2420,3068,2789,3014,3628,6317,1237,1558,1504,1620,1757,2840,1183,1510,1285,1394,1871,3477,10452
20222,11305625,수유2동,21476,10289,11187,2498,2993,2581,3060,3784,6560,1316,1436,1372,1523,1793,2849,1182,1557,1209,1537,1991,3711,9731
20222,11305635,수유3동,23512,11646,11866,1962,4305,3385,3309,4036,6515,1021,2065,1846,1748,2040,2926,941,2240,1539,1561,1996,3589,12998
20222,11305645,우이동,20955,10206,10749,2501,2678,2592,3005,3588,6591,1333,1253,1397,1543,1730,2950,1168,1425,1195,1462,1858,3641,9647
20222,11305660,인수동,31311,15131,16180,3707,4100,3842,4506,5425,9731,1862,2053,2026,2304,2587,4299,1845,2047,1816,2202,2838,5432,14563
20222,11320511,창1동,25241,12027,13214,3749,3307,3413,4121,4181,6470,1899,1643,1707,1996,1944,2838,1850,1664,1706,2125,2237,3632,10877
20222,11320512,창2동,29648,14474,15174,4104,4143,4145,4588,5178,7490,2143,2064,2079,2327,2465,3396,1961,2079,2066,2261,2713,4094,12458
20222,11320513,창3동,14305,7124,7181,1863,1828,1710,2167,2621,4116,972,951,913,1114,1297,1877,891,877,797,1053,1324,2239,6654
20222,11320514,창4동,27197,13076,14121,4413,3735,3420,4429,4919,6281,2270,1895,1656,2085,2324,2846,2143,1840,1764,2344,2595,3435,10753
20222,11320515,창5동,25203,12123,13080,3530,3726,3560,3569,4456,6362,1829,1824,1829,1689,2050,2902,1701,1902,1731,1880,2406,3460,10266
20222,11320521,도봉1동,21653,10950,10703,2080,2634,2404,2927,3810,7798,1080,1409,1328,1589,1903,3641,1000,1225,1076,1338,1907,4157,10426
20222,11320522,도봉2동,27800,13600,14200,3388,3341,3654,3809,4506,9102,1749,1687,1858,1932,2193,4181,1639,1654,1796,1877,2313,4921,12123
20222,11320660,쌍문1동,21794,10500,11294,2809,3096,2598,3250,3692,6349,1395,1467,1335,1653,1769,2881,1414,1629,1263,1597,1923,3468,9441
20222,11320670,쌍문2동,19253,9269,9984,2422,2545,2624,2799,3329,5534,1274,1299,1355,1408,1499,2434,1148,1246,1269,1391,1830,3100,8673
20222,11320680,쌍문3동,16762,8136,8626,1819,2499,2380,2433,2846,4785,938,1227,1233,1259,1319,2160,881,1272,1147,1174,1527,2625,7896
20222,11320681,쌍문4동,19259,9090,10169,3249,2568,2322,3007,3437,4676,1648,1290,1120,1366,1548,2118,1601,1278,1202,1641,1889,2558,7196
20222,11320690,방학1동,28975,14420,14555,3761,3904,3352,4238,5428,8292,1893,2031,1733,2100,2731,3932,1868,1873,1619,2138,2697,4360,12737
20222,11320700,방학2동,20278,10245,10033,2435,2723,2210,2949,3774,6187,1269,1488,1213,1526,1867,2882,1166,1235,997,1423,1907,3305,9509
20222,11320710,방학3동,27895,13583,14312,4769,3369,3212,4256,4835,7454,2561,1841,1613,1998,2244,3326,2208,1528,1599,2258,2591,4128,10068
20222,11350560,월계1동,22454,11554,10900,2925,3873,2717,3440,3569,5930,1545,2226,1478,1774,1796,2735,1380,1647,1239,1666,1773,3195,10472
20222,11350570,월계2동,27466,13247,14219,3943,3244,3238,4338,4625,8078,2022,1726,1633,2197,2212,3457,1921,1518,1605,2141,2413,4621,12063
20222,11350580,월계3동,30593,14662,15931,4410,3601,4627,4676,4803,8476,2277,1801,2329,2358,2243,3654,2133,1800,2298,2318,2560,4822,13009
20222,11350595,공릉1동,37700,18335,19365,4795,6830,5406,5406,5849,9414,2423,3395,2741,2754,2813,4209,2372,3435,2665,2652,3036,5205,18300
20222,11350600,공릉2동,39784,19394,20390,7324,6721,5226,6584,6121,7808,3763,3325,2611,3110,3009,3576,3561,3396,2615,3474,3112,4232,16502
20222,11350611,하계1동,27479,13234,14245,4354,4696,2748,4237,4977,6467,2399,2514,1385,1874,2411,2651,1955,2182,1363,2363,2566,3816,11662
20222,11350612,하계2동,22673,10808,11865,4351,3096,2556,4071,3921,4678,2243,1577,1212,1896,1889,1991,2108,1519,1344,2175,2032,2687,8303
20222,11350619,중계본동,24840,12174,12666,6075,3245,1908,5083,4554,3975,3112,1709,900,2222,2366,1865,2963,1536,1008,2861,2188,2110,8624
20222,11350621,중계1동,27473,13374,14099,7750,2973,2006,6627,4469,3648,4106,1542,854,2884,2391,1597,3644,1431,1152,3743,2078,2051,9073
20222,11350624,중계4동,20700,9999,10701,3504,2613,1993,3542,3612,5436,1885,1369,1010,1643,1814,2278,1619,1244,983,1899,1798,3158,8476
20222,11350625,중계2?3동,35461,16354,19107,5317,4341,4303,5926,5653,9921,2597,2229,2087,2909,2654,3878,2720,2112,2216,3017,2999,6043,15408
20222,11350630,상계1동,39064,18975,20089,5741,5302,4946,5735,7015,10325,2980,2717,2468,2753,3308,4749,2761,2585,2478,2982,3707,5576,15655
20222,11350640,상계2동,20557,10167,10390,2880,3323,2335,3102,3944,4973,1464,1667,1226,1491,1981,2338,1416,1656,1109,1611,1963,2635,8798
20222,11350665,상계3?4동,27081,13471,13610,3538,3256,2965,4002,4808,8512,1869,1757,1560,2016,2435,3834,1669,1499,1405,1986,2373,4678,12221
20222,11350670,상계5동,24691,11998,12693,3176,3492,2631,3739,4552,7101,1613,1839,1383,1831,2219,3113,1563,1653,1248,1908,2333,3988,11023
20222,11350695,상계6?7동,33550,15577,17973,5569,4630,4941,5572,5658,7180,2892,2225,2320,2562,2580,2998,2677,2405,2621,3010,3078,4182,13946
20222,11350700,상계8동,22935,11020,11915,4551,2687,4732,3919,3012,4034,2318,1324,2326,1956,1418,1678,2233,1363,2406,1963,1594,2356,9169
20222,11350710,상계9동,21136,10040,11096,3541,2753,2810,3507,3620,4905,1828,1434,1422,1589,1683,2084,1713,1319,1388,1918,1937,2821,8424
20222,11350720,상계10동,17437,8034,9403,2668,2543,2640,2729,3073,3784,1325,1204,1293,1215,1381,1616,1343,1339,1347,1514,1692,2168,7083
20222,11380510,녹번동,37380,17807,19573,4821,5070,6066,5831,5883,9709,2410,2384,3031,2940,2805,4237,2411,2686,3035,2891,3078,5472,17479
20222,11380520,불광1동,39732,18809,20923,5092,5477,5445,6021,6771,10926,2665,2663,2665,2910,3167,4739,2427,2814,2780,3111,3604,6187,17969
20222,11380530,불광2동,28437,13802,14635,2952,4339,3867,3953,4928,8398,1488,2181,2035,2040,2285,3773,1464,2158,1832,1913,2643,4625,13956
20222,11380551,갈현1동,23146,11280,11866,2591,3751,3056,3331,4008,6409,1351,1910,1617,1671,1856,2875,1240,1841,1439,1660,2152,3534,11152
20222,11380552,갈현2동,28872,13674,15198,4039,4370,3917,4715,4798,7033,2045,2101,1928,2263,2245,3092,1994,2269,1989,2452,2553,3941,12643
20222,11380560,구산동,32750,16287,16463,4675,4439,4119,5130,5670,8717,2300,2191,2118,2577,2856,4245,2375,2248,2001,2553,2814,4472,13401
20222,11380570,대조동,27235,12691,14544,2851,4889,4193,4105,4138,7059,1396,2140,2083,2018,2001,3053,1455,2749,2110,2087,2137,4006,14312
20222,11380580,응암1동,30938,14680,16258,4886,4201,5148,5227,4581,6895,2518,1922,2524,2564,2234,2918,2368,2279,2624,2663,2347,3977,14058
20222,11380590,응암2동,27580,13401,14179,5535,2765,5059,5193,3605,5423,2864,1395,2388,2662,1763,2329,2671,1370,2671,2531,1842,3094,11005
20222,11380600,응암3동,25229,12332,12897,2631,3648,3379,3615,4242,7714,1371,1853,1784,1854,2130,3340,1260,1795,1595,1761,2112,4374,12765
20222,11380625,역촌동,46566,22003,24563,6216,6530,6700,7609,7651,11860,3133,3114,3252,3792,3591,5121,3083,3416,3448,3817,4060,6739,20857
20222,11380631,신사1동,27543,13312,14231,3745,3920,4102,4204,4492,7080,1902,2004,2079,2072,2096,3159,1843,1916,2023,2132,2396,3921,11838
20222,11380632,신사2동,20812,10392,10420,2782,2938,2797,3166,3509,5620,1503,1523,1475,1616,1682,2593,1279,1415,1322,1550,1827,3027,9044
20222,11380640,증산동,15338,7474,7864,1940,2110,2024,2248,2579,4437,988,1044,1038,1104,1261,2039,952,1066,986,1144,1318,2398,6891
20222,11380650,수색동,11132,5498,5634,1442,1485,1729,1505,1965,3006,766,761,880,750,991,1350,676,724,849,755,974,1656,4737
20222,11380690,진관동,57020,26773,30247,12180,7112,6887,10773,8409,11659,6267,3087,3005,5018,4217,5179,5913,4025,3882,5755,4192,6480,21642
20222,11410520,천연동,17742,8412,9330,2727,2276,2419,2808,3004,4508,1362,1109,1178,1362,1485,1916,1365,1167,1241,1446,1519,2592,8016
20222,11410555,북아현동,16643,7949,8694,2524,2381,2894,2685,2778,3381,1279,1079,1417,1351,1375,1448,1245,1302,1477,1334,1403,1933,7469
20222,11410565,충현동,20756,9990,10766,2595,3434,3262,3046,3349,5070,1289,1650,1614,1535,1658,2244,1306,1784,1648,1511,1691,2826,10379
20222,11410585,신촌동,19272,8599,10673,1594,7419,3286,1982,1999,2992,809,2877,1645,970,1000,1298,785,4542,1641,1012,999,1694,13316
20222,11410615,연희동,36200,17437,18763,4151,7591,5620,5114,5256,8468,2102,3871,2818,2446,2492,3708,2049,3720,2802,2668,2764,4760,18862
20222,11410620,홍제1동,24329,11424,12905,3451,3166,3452,3793,4088,6379,1705,1557,1666,1825,1898,2773,1746,1609,1786,1968,2190,3606,10489
20222,11410640,홍제3동,15810,7661,8149,1897,2120,1969,2206,2714,4904,990,1065,1027,1100,1370,2109,907,1055,942,1106,1344,2795,7117
20222,11410655,홍제2동,14233,6779,7454,1910,1857,1925,2050,2570,3921,991,926,960,974,1225,1703,919,931,965,1076,1345,2218,5908
20222,11410660,홍은1동,22956,11085,11871,3264,2921,2994,3450,3966,6361,1647,1466,1519,1687,1950,2816,1617,1455,1475,1763,2016,3545,9716
20222,11410685,홍은2동,26960,13019,13941,3464,4245,3479,3999,4588,7185,1763,2139,1822,1971,2192,3132,1701,2106,1657,2028,2396,4053,12304
20222,11410690,남가좌1동,15900,7657,8243,3606,1553,2487,3089,2130,3035,1774,753,1104,1630,1043,1353,1832,800,1383,1459,1087,1682,5889
20222,11410700,남가좌2동,30036,14498,15538,5089,4293,4609,4921,4409,6715,2535,2087,2273,2490,2177,2936,2554,2206,2336,2431,2232,3779,13308
20222,11410710,북가좌1동,18445,8896,9549,3394,2173,2402,3277,3020,4179,1769,1051,1125,1637,1447,1867,1625,1122,1277,1640,1573,2312,6990
20222,11410720,북가좌2동,32607,15868,16739,4116,4817,4306,5035,5442,8891,2121,2443,2225,2462,2627,3990,1995,2374,2081,2573,2815,4901,14785
20222,11440555,아현동,25772,12061,13711,4469,3208,5156,4239,3878,4822,2155,1421,2382,2127,1859,2117,2314,1787,2774,2112,2019,2705,10610
20222,11440565,공덕동,37964,17907,20057,4584,6428,6526,5543,6396,8487,2344,2820,3154,2748,3136,3705,2240,3608,3372,2795,3260,4782,18628
20222,11440585,도화동,21763,10454,11309,3114,3007,3633,3231,3484,5294,1671,1449,1758,1549,1679,2348,1443,1558,1875,1682,1805,2946,9539
20222,11440590,용강동,21842,10278,11564,4294,2232,3775,4430,2940,4171,2082,1027,1722,2136,1469,1842,2212,1205,2053,2294,1471,2329,9300
20222,11440600,대흥동,14388,6943,7445,1565,3355,2375,2090,2036,2967,830,1511,1201,1045,1069,1287,735,1844,1174,1045,967,1680,8385
20222,11440610,염리동,12125,5839,6286,2088,1801,1869,2190,1765,2412,1045,869,901,1107,886,1031,1043,932,968,1083,879,1381,5677
20222,11440630,신수동,23146,11271,11875,3604,3477,3770,3911,3566,4818,1913,1749,1834,1839,1785,2151,1691,1728,1936,2072,1781,2667,10213
20222,11440655,서강동,24664,11742,12922,3605,4648,4109,4000,3678,4624,1832,2224,1937,1920,1751,2078,1773,2424,2172,2080,1927,2546,11619
20222,11440660,서교동,23682,10810,12872,1830,5964,5177,3499,2754,4458,914,2494,2421,1719,1338,1924,916,3470,2756,1780,1416,2534,14891
20222,11440680,합정동,19846,9219,10627,2303,3878,3956,2888,2722,4099,1149,1722,1882,1381,1299,1786,1154,2156,2074,1507,1423,2313,10285
20222,11440690,망원1동,20802,9777,11025,2377,3494,3922,3265,2974,4770,1185,1626,1868,1584,1468,2046,1192,1868,2054,1681,1506,2724,10513
20222,11440700,망원2동,19023,8954,10069,2766,2909,2976,3266,2821,4285,1375,1343,1408,1605,1387,1836,1391,1566,1568,1661,1434,2449,8571
20222,11440710,연남동,15575,7355,8220,1429,3229,3101,2336,2033,3447,743,1496,1506,1172,958,1480,686,1733,1595,1164,1075,1967,8854
20222,11440720,성산1동,19357,9097,10260,2453,3135,3401,3329,2884,4155,1204,1473,1643,1593,1367,1817,1249,1662,1758,1736,1517,2338,9419
20222,11440730,성산2동,40394,18378,22016,6010,6782,6742,6586,5765,8509,3097,2723,3065,3170,2809,3514,2913,4059,3677,3416,2956,4995,19041
20222,11440740,상암동,31404,14976,16428,6769,4296,4026,6183,4503,5627,3459,1944,1836,2951,2341,2445,3310,2352,2190,3232,2162,3182,12766
20222,11470510,목1동,31563,15159,16404,8109,3423,3302,6956,5008,4765,4075,1669,1392,3172,2622,2229,4034,1754,1910,3784,2386,2536,10556
20222,11470520,목2동,30445,14797,15648,4279,5011,5248,4629,4952,6326,2227,2449,2685,2219,2342,2875,2052,2562,2563,2410,2610,3451,13239
20222,11470530,목3동,22470,10726,11744,2922,3560,4033,3216,3652,5087,1564,1729,1974,1542,1653,2264,1358,1831,2059,1674,1999,2823,10117
20222,11470540,목4동,25946,12676,13270,4779,4172,2819,4581,4843,4752,2501,2196,1397,2031,2401,2150,2278,1976,1422,2550,2442,2602,10128
20222,11470550,목5동,42205,20895,21310,11030,4518,4004,9236,6680,6737,5957,2345,1744,4130,3455,3264,5073,2173,2260,5106,3225,3473,13578
20222,11470560,신월1동,20959,10757,10202,2336,2696,2770,3113,3915,6129,1198,1430,1526,1624,2051,2928,1138,1266,1244,1489,1864,3201,10203
20222,11470570,신월2동,21351,10461,10890,3225,2709,3045,3335,3356,5681,1617,1401,1550,1692,1627,2574,1608,1308,1495,1643,1729,3107,8607
20222,11470580,신월3동,15749,8297,7452,2039,2040,2036,2245,2962,4427,1075,1066,1110,1256,1628,2162,964,974,926,989,1334,2265,8040
20222,11470590,신월4동,18411,9050,9361,3120,2186,2512,3051,2841,4701,1617,1137,1244,1550,1376,2126,1503,1049,1268,1501,1465,2575,6961
20222,11470600,신월5동,15055,7459,7596,2281,2154,2110,2308,2549,3653,1195,1094,1114,1145,1215,1696,1086,1060,996,1163,1334,1957,6487
20222,11470610,신월6동,13741,6769,6972,2688,1606,2583,2159,2032,2673,1365,816,1294,1081,978,1235,1323,790,1289,1078,1054,1438,5226
20222,11470611,신월7동,20514,10068,10446,2446,2659,2642,2986,3601,6180,1259,1407,1392,1549,1759,2702,1187,1252,1250,1437,1842,3478,9234
20222,11470620,신정1동,20964,10227,10737,4914,2473,2078,4116,3542,3841,2536,1254,908,1933,1817,1779,2378,1219,1170,2183,1725,2062,7213
20222,11470630,신정2동,20051,9822,10229,4278,2592,1811,3814,3625,3931,2208,1334,845,1760,1857,1818,2070,1258,966,2054,1768,2113,7141
20222,11470640,신정3동,46374,22599,23775,8701,5912,5752,8007,7827,10175,4478,3059,2826,3872,3820,4544,4223,2853,2926,4135,4007,5631,17831
20222,11470650,신정4동,33533,16434,17099,4030,5286,5095,5263,5421,8438,2089,2536,2705,2624,2606,3874,1941,2750,2390,2639,2815,4564,16066
20222,11470670,신정6동,25017,12160,12857,5769,3198,2749,4744,4416,4141,2975,1640,1222,2137,2199,1987,2794,1558,1527,2607,2217,2154,8300
20222,11470680,신정7동,29891,14452,15439,5458,3604,3231,5210,5281,7107,2815,1880,1541,2501,2615,3100,2643,1724,1690,2709,2666,4007,11604
20222,11500510,염창동,41853,20346,21507,8696,5432,7332,7676,5956,6761,4472,2518,3483,3759,2925,3189,4224,2914,3849,3917,3031,3572,15820
20222,11500520,등촌1동,24118,11283,12835,2654,4989,6008,3255,3033,4179,1455,1994,2894,1605,1474,1861,1199,2995,3114,1650,1559,2318,13153
20222,11500530,등촌2동,21104,10340,10764,2962,3315,3540,3071,3453,4763,1604,1658,1791,1495,1601,2191,1358,1657,1749,1576,1852,2572,8766
20222,11500535,등촌3동,31490,15009,16481,3782,4182,4663,3927,5370,9566,1969,2152,2403,1873,2461,4151,1813,2030,2260,2054,2909,5415,15067
20222,11500540,화곡1동,51115,24830,26285,5142,9133,10320,7382,7240,11898,2596,4115,5477,3856,3406,5380,2546,5018,4843,3526,3834,6518,26338
20222,11500550,화곡2동,17836,8686,9150,2559,2533,2796,3000,2785,4163,1290,1276,1471,1516,1307,1826,1269,1257,1325,1484,1478,2337,7957
20222,11500560,화곡3동,21443,10303,11140,2897,3086,3161,3180,3268,5851,1501,1468,1580,1522,1547,2685,1396,1618,1581,1658,1721,3166,9239
20222,11500570,화곡4동,20867,10214,10653,2499,2942,3333,3221,3401,5471,1296,1520,1731,1661,1616,2390,1203,1422,1602,1560,1785,3081,9638
20222,11500590,화곡본동,38372,18719,19653,5238,6547,7107,6129,5477,7874,2753,3077,3808,3121,2574,3386,2485,3470,3299,3008,2903,4488,18579
20222,11500591,화곡6동,24230,11844,12386,2858,4152,4039,3536,3860,5785,1539,1967,2075,1787,1837,2639,1319,2185,1964,1749,2023,3146,11873
20222,11500593,화곡8동,24746,11897,12849,2940,3770,4188,3938,3696,6214,1476,1845,2187,2001,1658,2730,1464,1925,2001,1937,2038,3484,11583
20222,11500603,가양1동,34206,15801,18405,3618,8428,8327,4599,4299,4935,1870,2872,4201,2404,2066,2388,1748,5556,4126,2195,2233,2547,20072
20222,11500604,가양2동,14520,6884,7636,1002,1712,2413,1504,2215,5674,515,768,1249,770,1034,2548,487,944,1164,734,1181,3126,8052
20222,11500605,가양3동,15544,7269,8275,1344,1846,3144,1929,2277,5004,691,885,1578,1018,1069,2028,653,961,1566,911,1208,2976,7912
20222,11500611,발산1동,37403,17751,19652,8455,4620,4428,7260,5715,6925,4173,2271,2104,3445,2759,2999,4282,2349,2324,3815,2956,3926,13523
20222,11500615,우장산동,43678,20888,22790,9278,5266,5575,8655,6506,8398,4537,2517,2657,4051,3239,3887,4741,2749,2918,4604,3267,4511,16129
20222,11500620,공항동,26929,13662,13267,4329,3789,5023,4292,3815,5681,2235,1907,2615,2307,1938,2660,2094,1882,2408,1985,1877,3021,12784
20222,11500630,방화1동,44340,21631,22709,8542,5323,6504,7719,6535,9717,4264,2565,3196,3916,3186,4504,4278,2758,3308,3803,3349,5213,17489
20222,11500640,방화2동,23107,11401,11706,2617,3321,3480,3188,3709,6792,1375,1594,1877,1690,1845,3020,1242,1727,1603,1498,1864,3772,11644
20222,11500641,방화3동,23471,11391,12080,2893,2599,3732,3470,3614,7163,1488,1349,1923,1768,1741,3122,1405,1250,1809,1702,1873,4041,11330
20222,11530510,신도림동,36197,17684,18513,7148,4343,6241,6543,5098,6824,3622,2102,2985,3216,2514,3245,3526,2241,3256,3327,2584,3579,13483
20222,11530520,구로1동,21220,10412,10808,3848,2824,3884,3634,3012,4018,2016,1343,1949,1829,1433,1842,1832,1481,1935,1805,1579,2176,8364
20222,11530530,구로2동,24606,12419,12187,2338,3251,2934,3507,4720,7856,1232,1697,1620,1857,2466,3547,1106,1554,1314,1650,2254,4309,12794
20222,11530540,구로3동,23853,12153,11700,2782,4134,5016,4016,3059,4846,1440,2015,2716,2213,1608,2161,1342,2119,2300,1803,1451,2685,13227
20222,11530550,구로4동,20378,9883,10495,1962,2826,2934,2972,3533,6151,994,1340,1521,1510,1779,2739,968,1486,1413,1462,1754,3412,10711
20222,11530560,구로5동,29372,14272,15100,3455,5067,5452,4126,4556,6716,1764,2225,2725,2110,2303,3145,1691,2842,2727,2016,2253,3571,14707
20222,11530595,가리봉동,9271,5026,4245,523,1489,1256,1183,1866,2954,287,781,728,670,1107,1453,236,708,528,513,759,1501,6040
20222,11530720,고척1동,23146,11542,11604,3293,3293,2908,3512,3936,6204,1708,1726,1514,1778,1922,2894,1585,1567,1394,1734,2014,3310,9619
20222,11530730,고척2동,27366,13549,13817,4073,3615,3326,4289,4791,7272,2075,1861,1677,2166,2368,3402,1998,1754,1649,2123,2423,3870,11610
20222,11530740,개봉1동,34336,17169,17167,4655,4632,5074,4975,5860,9140,2348,2370,2651,2570,2913,4317,2307,2262,2423,2405,2947,4823,14937
20222,11530750,개봉2동,31775,15502,16273,4516,3870,4570,4857,4978,8984,2301,1947,2289,2488,2344,4133,2215,1923,2281,2369,2634,4851,12605
20222,11530760,개봉3동,20845,10201,10644,2668,2612,2786,3224,3495,6060,1373,1339,1442,1654,1643,2750,1295,1273,1344,1570,1852,3310,8842
20222,11530770,오류1동,22669,11102,11567,2472,3979,4361,3183,3057,5617,1247,1777,2260,1660,1539,2619,1225,2202,2101,1523,1518,2998,11785
20222,11530780,오류2동,39127,18870,20257,7244,4661,5182,6707,5695,9638,3694,2271,2548,3375,2716,4266,3550,2390,2634,3332,2979,5372,15629
20222,11530790,수궁동,23972,11848,12124,3493,3088,3317,3833,3932,6309,1869,1608,1699,1902,1866,2904,1624,1480,1618,1931,2066,3405,9967
20222,11530800,항동,16279,8030,8249,3918,1720,3914,2663,1745,2319,2034,808,1894,1419,801,1074,1884,912,2020,1244,944,1245,6135
20222,11545510,가산동,23050,12608,10442,1401,6523,5434,2749,2970,3973,677,3035,3382,1711,1740,2063,724,3488,2052,1038,1230,1910,15924
20222,11545610,독산1동,42270,21748,20522,5535,7328,8449,6238,6244,8476,2809,3664,4707,3402,3148,4018,2726,3664,3742,2836,3096,4458,21131
20222,11545620,독산2동,19016,9631,9385,2117,2842,2493,2608,3813,5143,1101,1488,1352,1324,1918,2448,1016,1354,1141,1284,1895,2695,9436
20222,11545630,독산3동,24503,12308,12195,2380,3852,3545,3276,4761,6689,1212,1917,1979,1708,2361,3131,1168,1935,1566,1568,2400,3558,12553
20222,11545640,독산4동,15537,7838,7699,1633,2287,1980,2113,3248,4276,826,1163,1097,1053,1661,2038,807,1124,883,1060,1587,2238,7657
20222,11545670,시흥1동,33778,16865,16913,4166,5050,4789,5006,5947,8820,2187,2577,2554,2554,2915,4078,1979,2473,2235,2452,3032,4742,16124
20222,11545680,시흥2동,21962,10590,11372,3715,2495,2481,3497,3808,5966,1841,1292,1215,1719,1794,2729,1874,1203,1266,1778,2014,3237,8474
20222,11545690,시흥3동,11130,5525,5605,1259,1445,1431,1564,2015,3416,624,772,763,811,974,1581,635,673,668,753,1041,1835,4771
20222,11545700,시흥4동,20791,10307,10484,2627,2732,2585,2974,3923,5950,1333,1430,1373,1495,1880,2796,1294,1302,1212,1479,2043,3154,9154
20222,11545710,시흥5동,19686,9806,9880,2392,2548,2284,2890,3563,6009,1205,1368,1229,1502,1823,2679,1187,1180,1055,1388,1740,3330,9414
20222,11560515,영등포본동,21466,11010,10456,2702,2850,3306,3147,3652,5809,1396,1535,1733,1658,1906,2782,1306,1315,1573,1489,1746,3027,10338
20222,11560535,영등포동,28026,15044,12982,2095,6712,6875,3512,3593,5239,1066,2922,3839,2082,2232,2903,1029,3790,3036,1430,1361,2336,18953
20222,11560540,여의동,34156,16052,18104,5856,3872,5277,5485,5170,8496,2924,1791,2411,2587,2511,3828,2932,2081,2866,2898,2659,4668,13784
20222,11560550,당산1동,20750,10190,10560,2137,3542,4245,2927,3064,4835,1067,1602,2227,1521,1543,2230,1070,1940,2018,1406,1521,2605,10797
20222,11560560,당산2동,37551,17619,19932,5102,7320,8220,5249,4820,6840,2561,3028,3962,2584,2310,3174,2541,4292,4258,2665,2510,3666,18478
20222,11560585,도림동,18248,9159,9089,1948,2777,3231,2742,3001,4549,1022,1303,1708,1461,1577,2088,926,1474,1523,1281,1424,2461,9436
20222,11560605,문래동,33159,16250,16909,6315,3845,6194,5984,4184,6637,3259,1830,2974,3018,2104,3065,3056,2015,3220,2966,2080,3572,13355
20222,11560610,양평1동,17384,8564,8820,2234,2734,4319,2766,2051,3280,1176,1174,2251,1463,1053,1447,1058,1560,2068,1303,998,1833,9134
20222,11560620,양평2동,22389,11124,11265,3257,3686,5186,3358,3054,3848,1686,1688,2679,1689,1591,1791,1571,1998,2507,1669,1463,2057,10325
20222,11560630,신길1동,17447,8874,8573,1483,3387,2981,2441,2551,4604,752,1672,1710,1339,1335,2066,731,1715,1271,1102,1216,2538,10413
20222,11560650,신길3동,16891,8320,8571,2331,2166,2546,2490,2900,4458,1212,1070,1311,1284,1442,2001,1119,1096,1235,1206,1458,2457,7653
20222,11560660,신길4동,10489,5201,5288,1221,1420,1452,1496,1851,3049,620,752,774,758,927,1370,601,668,678,738,924,1679,5042
20222,11560670,신길5동,11179,5420,5759,1586,1391,1637,1647,1942,2976,791,695,866,830,941,1297,795,696,771,817,1001,1679,4997
20222,11560680,신길6동,19624,9600,10024,2527,3210,3293,2849,2953,4792,1374,1515,1653,1464,1427,2167,1153,1695,1640,1385,1526,2625,9247
20222,11560690,신길7동,20286,10120,10166,3830,2814,3497,3315,3101,3729,2047,1424,1728,1667,1541,1713,1783,1390,1769,1648,1560,2016,7911
20222,11560700,대림1동,14842,7366,7476,1761,2165,1995,2123,2533,4265,963,1073,1044,1134,1239,1913,798,1092,951,989,1294,2352,7219
20222,11560710,대림2동,12409,6100,6309,1050,1896,1704,1695,2198,3866,528,973,925,883,1071,1720,522,923,779,812,1127,2146,6977
20222,11560720,대림3동,22896,11479,11417,2642,3167,3292,3186,4257,6352,1368,1652,1778,1590,2128,2963,1274,1515,1514,1596,2129,3389,10429
20222,11590510,노량진1동,32054,15972,16082,3941,5592,5423,4353,4703,8042,2017,2937,2923,2265,2275,3555,1924,2655,2500,2088,2428,4487,15709
20222,11590520,노량진2동,12664,6491,6173,913,2337,1917,1552,2144,3801,477,1211,1127,853,1091,1732,436,1126,790,699,1053,2069,7466
20222,11590530,상도1동,45153,21834,23319,6123,9857,6311,6578,6345,9939,3111,4984,3119,3261,2960,4399,3012,4873,3192,3317,3385,5540,21584
20222,11590540,상도2동,27835,13383,14452,4175,4297,4679,4310,4116,6258,2137,2046,2276,2160,1975,2789,2038,2251,2403,2150,2141,3469,12575
20222,11590550,상도3동,25071,11976,13095,2902,4223,4208,3690,3881,6167,1480,1952,2186,1817,1849,2692,1422,2271,2022,1873,2032,3475,12051
20222,11590560,상도4동,28885,14018,14867,3599,4580,4840,4380,4403,7083,1897,2185,2522,2215,2092,3107,1702,2395,2318,2165,2311,3976,13804
20222,11590605,흑석동,32306,15694,16612,4521,5138,4548,4891,5216,7992,2321,2681,2248,2501,2478,3465,2200,2457,2300,2390,2738,4527,14266
20222,11590620,사당1동,23072,10944,12128,1730,5253,4655,2944,3088,5402,899,2260,2433,1510,1404,2438,831,2993,2222,1434,1684,2964,13289
20222,11590630,사당2동,27227,13111,14116,3452,3684,4489,4047,4186,7369,1852,1759,2225,1987,1994,3294,1600,1925,2264,2060,2192,4075,11947
20222,11590640,사당3동,25027,12119,12908,3769,3398,4133,3830,3640,6257,1968,1584,1974,1963,1721,2909,1801,1814,2159,1867,1919,3348,10564
20222,11590650,사당4동,14426,6900,7526,1501,2526,2494,2072,2102,3731,789,1168,1267,1076,967,1633,712,1358,1227,996,1135,2098,7154
20222,11590651,사당5동,14690,7131,7559,2065,2219,2597,2336,2184,3289,1067,1084,1321,1162,1031,1466,998,1135,1276,1174,1153,1823,6600
20222,11590660,대방동,38781,18450,20331,6483,6483,5434,6622,5833,7926,3192,3069,2662,3199,2929,3399,3291,3414,2772,3423,2904,4527,17282
20222,11590670,신대방1동,23662,11391,12271,4053,3406,3095,4027,3728,5353,2017,1635,1525,1917,1864,2433,2036,1771,1570,2110,1864,2920,10234
20222,11590680,신대방2동,20916,9943,10973,3271,3590,3408,3367,2789,4491,1652,1582,1665,1667,1341,2036,1619,2008,1743,1700,1448,2455,9769
20222,11620525,보라매동,23236,11427,11809,2448,4518,3839,3217,3219,5995,1286,2178,2100,1657,1518,2688,1162,2340,1739,1560,1701,3307,12009
20222,11620545,청림동,15551,7619,7932,2441,1851,2604,2481,2323,3851,1269,981,1307,1259,1142,1661,1172,870,1297,1222,1181,2190,6553
20222,11620565,성현동,33366,16092,17274,5398,4672,4512,5523,5221,8040,2827,2292,2250,2746,2528,3449,2571,2380,2262,2777,2693,4591,14122
20222,11620575,행운동,28912,14070,14842,2547,7342,5965,3654,3417,5987,1292,3311,3182,1915,1676,2694,1255,4031,2783,1739,1741,3293,17137
20222,11620585,낙성대동,15664,7865,7799,1312,5066,3223,1829,1583,2651,640,2416,1813,963,827,1206,672,2650,1410,866,756,1445,10254
20222,11620595,청룡동,34681,16671,18010,2915,11004,6667,4022,3847,6226,1431,4833,3542,2086,1942,2837,1484,6171,3125,1936,1905,3389,22229
20222,11620605,은천동,33720,16494,17226,4752,5449,5331,5238,4853,8097,2471,2592,2762,2702,2376,3591,2281,2857,2569,2536,2477,4506,15937
20222,11620615,중앙동,15166,7234,7932,1001,4394,2978,1720,1798,3275,507,1802,1624,936,899,1466,494,2592,1354,784,899,1809,9605
20222,11620625,인헌동,25460,12424,13036,2650,5694,4837,3503,3379,5397,1372,2688,2523,1778,1650,2413,1278,3006,2314,1725,1729,2984,13908
20222,11620630,남현동,18396,8882,9514,1833,3952,3720,2307,2559,4025,922,1783,1974,1198,1165,1840,911,2169,1746,1109,1394,2185,9538
20222,11620645,서원동,22343,11505,10838,1495,6371,4452,2707,2732,4586,770,3244,2599,1489,1305,2098,725,3127,1853,1218,1427,2488,13823
20222,11620655,신원동,18098,9066,9032,1459,4347,3218,2251,2420,4403,712,2194,1849,1221,1197,1893,747,2153,1369,1030,1223,2510,10797
20222,11620665,서림동,25506,13917,11589,2099,6035,5061,3556,3385,5370,1080,3335,3097,2132,1784,2489,1019,2700,1964,1424,1601,2881,15523
20222,11620685,신사동,22688,11352,11336,1931,5761,3910,2995,3223,4868,1039,2713,2213,1551,1600,2236,892,3048,1697,1444,1623,2632,13680
20222,11620695,신림동,21839,11395,10444,839,8411,5604,2485,1751,2749,416,4061,3225,1428,983,1282,423,4350,2379,1057,768,1467,17289
20222,11620715,난향동,15780,7777,8003,2670,1723,1904,2973,2567,3943,1355,886,944,1501,1293,1798,1315,837,960,1472,1274,2145,6422
20222,11620725,조원동,17480,8832,8648,1515,4082,3265,2234,2393,3991,759,1858,1834,1189,1265,1927,756,2224,1431,1045,1128,2064,10649
20222,11620735,대학동,24481,14713,9768,1847,6547,4989,3662,3212,4224,955,3889,3323,2473,2007,2066,892,2658,1666,1189,1205,2158,16777
20222,11620745,삼성동,23760,11871,11889,2455,2905,2688,3408,4238,8066,1308,1551,1525,1819,2119,3549,1147,1354,1163,1589,2119,4517,11204
20222,11620765,미성동,30979,15172,15807,4055,4797,4264,4700,4963,8200,2026,2369,2225,2407,2380,3765,2029,2428,2039,2293,2583,4435,14102
20222,11620775,난곡동,27330,13700,13630,3204,4102,3697,3921,4891,7515,1666,2135,2017,2058,2377,3447,1538,1967,1680,1863,2514,4068,12972
20222,11650510,서초1동,21009,10095,10914,3483,2834,3598,3801,2998,4295,1805,1355,1646,1827,1453,2009,1678,1479,1952,1974,1545,2286,9350
20222,11650520,서초2동,21404,10200,11204,3682,3055,4227,3838,2854,3748,1894,1368,1938,1830,1427,1743,1788,1687,2289,2008,1427,2005,9671
20222,11650530,서초3동,31930,15560,16370,4574,5251,5390,5052,4888,6775,2553,2465,2562,2392,2409,3179,2021,2786,2828,2660,2479,3596,14565
20222,11650531,서초4동,31457,15285,16172,7211,3587,3731,6395,4772,5761,3761,1736,1601,2974,2491,2722,3450,1851,2130,3421,2281,3039,11005
20222,11650540,잠원동,28349,13589,14760,5634,3683,3857,5551,4624,5000,2905,1773,1764,2544,2319,2284,2729,1910,2093,3007,2305,2716,11449
20222,11650550,반포본동,11947,5637,6310,2490,1494,892,2258,2175,2638,1277,719,401,924,1105,1211,1213,775,491,1334,1070,1427,4107
20222,11650560,반포1동,32298,15597,16701,6603,4226,5496,6623,4116,5234,3348,1923,2493,3327,2130,2376,3255,2303,3003,3296,1986,2858,14274
20222,11650570,반포2동,16079,7668,8411,4625,1360,1541,3721,2142,2690,2335,665,610,1697,1152,1209,2290,695,931,2024,990,1481,5109
20222,11650580,반포3동,22333,10576,11757,4968,2497,2613,4569,3491,4195,2554,1232,1151,2045,1768,1826,2414,1265,1462,2524,1723,2369,7739
20222,11650581,반포4동,19377,9164,10213,3854,2328,2649,3579,2865,4102,2017,1114,1171,1625,1372,1865,1837,1214,1478,1954,1493,2237,7275
20222,11650590,방배본동,21099,9797,11302,4277,2681,2432,3961,3423,4325,2062,1252,1077,1755,1706,1945,2215,1429,1355,2206,1717,2380,7997
20222,11650600,방배1동,17245,8086,9159,2512,2499,2969,2797,2455,4013,1311,1188,1346,1291,1144,1806,1201,1311,1623,1506,1311,2207,7644
20222,11650610,방배2동,20247,9493,10754,2819,2861,3177,3080,3164,5146,1434,1420,1474,1436,1433,2296,1385,1441,1703,1644,1731,2850,8671
20222,11650620,방배3동,21283,10278,11005,3322,2781,2942,3220,3528,5490,1710,1453,1406,1479,1644,2586,1612,1328,1536,1741,1884,2904,8284
20222,11650621,방배4동,23722,10840,12882,4290,3204,3625,4292,3525,4786,2036,1410,1603,1921,1708,2162,2254,1794,2022,2371,1817,2624,9812
20222,11650651,양재1동,44542,21287,23255,8390,5396,6773,7771,6302,9910,4300,2637,3243,3789,3000,4318,4090,2759,3530,3982,3302,5592,18222
20222,11650652,양재2동,22452,11264,11188,3064,3369,4543,3733,3340,4403,1606,1705,2366,1912,1643,2032,1458,1664,2177,1821,1697,2371,10829
20222,11650660,내곡동,17915,8715,9200,3318,1925,2725,3049,2476,4422,1677,1006,1269,1547,1161,2055,1641,919,1456,1502,1315,2367,7209
20222,11680510,신사동,16672,7731,8941,2650,2279,2384,2954,2499,3906,1354,1044,1054,1294,1235,1750,1296,1235,1330,1660,1264,2156,7323
20222,11680521,논현1동,22994,10809,12185,1589,4626,5821,3871,2821,4266,767,2092,2774,1866,1410,1900,822,2534,3047,2005,1411,2366,14400
20222,11680531,논현2동,21740,10121,11619,2445,3552,4562,3824,2978,4379,1264,1589,2048,1838,1458,1924,1181,1963,2514,1986,1520,2455,11676
20222,11680545,압구정동,27248,12572,14676,4957,3193,3377,4883,4104,6734,2375,1503,1445,2226,2016,3007,2582,1690,1932,2657,2088,3727,10622
20222,11680565,청담동,27014,12627,14387,4437,3801,4440,4805,3989,5542,2374,1718,1922,2212,1865,2536,2063,2083,2518,2593,2124,3006,11801
20222,11680580,삼성1동,13407,6623,6784,2141,1913,1955,2183,2170,3045,1205,1031,910,1005,1046,1426,936,882,1045,1178,1124,1619,5675
20222,11680590,삼성2동,30115,14342,15773,5917,3889,4981,6443,4143,4742,3215,1842,2094,2957,2115,2119,2702,2047,2887,3486,2028,2623,13439
20222,11680600,대치1동,24900,12528,12372,7507,2475,1568,6133,3814,3403,4189,1266,610,2705,2126,1632,3318,1209,958,3428,1688,1771,7380
20222,11680610,대치2동,37565,19103,18462,8358,4959,3268,7283,6730,6967,4874,2688,1512,3105,3518,3406,3484,2271,1756,4178,3212,3561,12986
20222,11680630,대치4동,20478,9657,10821,3322,3441,3367,4104,3213,3031,1758,1649,1508,1761,1619,1362,1564,1792,1859,2343,1594,1669,10328
20222,11680640,역삼1동,35804,17333,18471,2485,7528,10082,6058,4240,5411,1252,3206,5008,3103,2235,2529,1233,4322,5074,2955,2005,2882,23983
20222,11680650,역삼2동,36944,17309,19635,8499,4687,5243,8651,4847,5017,4158,2022,2250,3998,2632,2249,4341,2665,2993,4653,2215,2768,15675
20222,11680655,도곡1동,22087,10464,11623,4120,2986,3231,3872,3516,4362,1947,1400,1450,1848,1708,2111,2173,1586,1781,2024,1808,2251,8661
20222,11680656,도곡2동,33941,15779,18162,7711,4013,3590,6550,5477,6600,3594,1857,1463,2932,2746,3187,4117,2156,2127,3618,2731,3413,11792
20222,11680660,개포1동,6408,3121,3287,969,734,663,915,1044,2083,493,377,307,436,523,985,476,357,356,479,521,1098,2465
20222,11680670,개포2동,22211,10732,11479,4194,2920,2791,3692,3834,4780,2084,1508,1314,1689,1847,2290,2110,1412,1477,2003,1987,2490,8033
20222,11680690,개포4동,22529,10991,11538,3691,3161,3468,3759,3781,4669,1898,1599,1709,1775,1869,2141,1793,1562,1759,1984,1912,2528,9499
20222,11680700,세곡동,44314,21044,23270,9067,5380,6879,7809,6014,9165,4496,2594,3149,3846,2925,4034,4571,2786,3730,3963,3089,5131,17965
20222,11680720,일원본동,23927,11793,12134,5606,2620,2981,4542,3720,4458,3159,1363,1362,2093,1808,2008,2447,1257,1619,2449,1912,2450,8146
20222,11680730,일원1동,15672,7693,7979,1950,2208,2268,2145,2515,4586,1060,1150,1195,1092,1205,1991,890,1058,1073,1053,1310,2595,7465
20222,11680740,일원2동,17642,8556,9086,3007,1940,2579,3044,2602,4470,1748,1044,1243,1464,1255,1802,1259,896,1336,1580,1347,2668,7357
20222,11680750,수서동,15241,6919,8322,1214,1614,2318,1654,2259,6182,611,827,1166,871,1011,2433,603,787,1152,783,1248,3749,7876
20222,11710510,풍납1동,13896,6829,7067,1591,1720,1943,1993,2447,4202,854,906,1010,988,1184,1887,737,814,933,1005,1263,2315,6377
20222,11710520,풍납2동,25501,12123,13378,4043,3836,4296,4061,3703,5562,2066,1685,2035,1964,1800,2573,1977,2151,2261,2097,1903,2989,11071
20222,11710531,거여1동,12616,6407,6209,1624,1796,1715,1883,2273,3325,864,952,908,946,1149,1588,760,844,807,937,1124,1737,5510
20222,11710532,거여2동,19174,9408,9766,2911,2233,2678,3028,3315,5009,1544,1149,1362,1477,1614,2262,1367,1084,1316,1551,1701,2747,8170
20222,11710540,마천1동,19745,10078,9667,2616,2382,2237,2864,3618,6028,1349,1239,1240,1474,1930,2846,1267,1143,997,1390,1688,3182,8972
20222,11710550,마천2동,19564,9919,9645,2299,2476,2292,2772,3724,6001,1169,1327,1268,1459,1893,2803,1130,1149,1024,1313,1831,3198,8886
20222,11710561,방이1동,16193,7804,8389,2786,2490,2282,2697,2698,3240,1415,1272,1089,1237,1272,1519,1371,1218,1193,1460,1426,1721,6317
20222,11710562,방이2동,26148,12310,13838,2469,5177,5982,3661,3645,5214,1325,2194,2922,1790,1703,2376,1144,2983,3060,1871,1942,2838,14550
20222,11710566,오륜동,18483,9090,9393,4132,2182,1719,3403,3135,3912,2270,1153,720,1504,1557,1886,1862,1029,999,1899,1578,2026,5956
20222,11710570,오금동,39515,19163,20352,6095,5603,5699,5845,6883,9390,3194,2896,2797,2740,3225,4311,2901,2707,2902,3105,3658,5079,15693
20222,11710580,송파1동,24810,11632,13178,2634,4604,5425,3506,3518,5123,1313,2067,2648,1636,1622,2346,1321,2537,2777,1870,1896,2777,12434
20222,11710590,송파2동,20645,9906,10739,3578,2924,3076,3185,3366,4516,1804,1372,1460,1526,1606,2138,1774,1552,1616,1659,1760,2378,7647
20222,11710600,석촌동,32530,15505,17025,3554,5621,7052,4925,4728,6650,1809,2555,3402,2431,2280,3028,1745,3066,3650,2494,2448,3622,17072
20222,11710610,삼전동,31448,14829,16619,3634,5375,6677,5192,4518,6052,1877,2401,3288,2482,2104,2677,1757,2974,3389,2710,2414,3375,16326
20222,11710620,가락본동,27076,13418,13658,3532,4197,4793,3897,4753,5904,1836,2052,2439,1916,2319,2856,1696,2145,2354,1981,2434,3048,12010
20222,11710631,가락1동,27823,13521,14302,5459,3556,5350,4458,4032,4968,2829,1755,2531,2168,1896,2342,2630,1801,2819,2290,2136,2626,9908
20222,11710632,가락2동,33013,16237,16776,6137,4580,4836,5658,5272,6530,3225,2307,2343,2727,2549,3086,2912,2273,2493,2931,2723,3444,12379
20222,11710641,문정1동,20369,10050,10319,2824,3252,3529,2842,3347,4575,1468,1612,1813,1383,1571,2203,1356,1640,1716,1459,1776,2372,8431
20222,11710642,문정2동,29877,13858,16019,3239,5334,7644,4400,3626,5634,1659,2074,3549,2134,1773,2669,1580,3260,4095,2266,1853,2965,15761
20222,11710646,장지동,30000,14522,15478,5192,4094,4784,4776,4875,6279,2658,2056,2409,2337,2279,2783,2534,2038,2375,2439,2596,3496,12080
20222,11710647,위례동,30548,14863,15685,8837,2965,5317,6212,3558,3659,4431,1484,2420,3148,1765,1615,4406,1481,2897,3064,1793,2044,9900
20222,11710650,잠실본동,28558,13478,15080,3080,5101,6179,4452,4131,5615,1544,2252,3021,2143,1953,2565,1536,2849,3158,2309,2178,3050,15419
20222,11710670,잠실2동,36151,17260,18891,10069,3308,4094,8723,4853,5104,5081,1556,1644,4059,2641,2279,4988,1752,2450,4664,2212,2825,11899
20222,11710680,잠실3동,35314,16819,18495,7348,3923,4489,6295,5306,7953,3776,1876,1922,2920,2599,3726,3572,2047,2567,3375,2707,4227,12130
20222,11710690,잠실4동,21711,10433,11278,5208,2036,3121,4381,2899,4066,2682,1004,1302,2126,1436,1883,2526,1032,1819,2255,1463,2183,7418
20222,11710710,잠실6동,17212,8128,9084,3242,2014,2372,2779,2661,4144,1632,956,1051,1293,1232,1964,1610,1058,1321,1486,1429,2180,5983
20222,11740515,강일동,35390,17082,18308,7624,4276,4332,5989,5365,7804,3929,2126,2040,2881,2636,3470,3695,2150,2292,3108,2729,4334,12960
20222,11740520,상일동,33197,16367,16830,7513,3597,5313,5919,4811,6044,3853,1862,2450,2986,2287,2929,3660,1735,2863,2933,2524,3115,11601
20222,11740530,명일1동,26280,12827,13453,4659,3266,4153,4261,4065,5876,2431,1635,2082,2044,1941,2694,2228,1631,2071,2217,2124,3182,10105
20222,11740540,명일2동,17494,8654,8840,3702,2192,1882,3116,2750,3852,1985,1129,937,1397,1358,1848,1717,1063,945,1719,1392,2004,6115
20222,11740550,고덕1동,25955,13187,12768,6578,2474,3548,5474,3467,4414,3612,1324,1661,2745,1769,2076,2966,1150,1887,2729,1698,2338,8800
20222,11740560,고덕2동,22444,11355,11089,4516,2448,3993,3796,3301,4390,2357,1289,1957,1975,1660,2117,2159,1159,2036,1821,1641,2273,8705
20222,11740570,암사1동,35440,17548,17892,4836,4853,5290,5602,6013,8846,2458,2531,2738,2867,2944,4010,2378,2322,2552,2735,3069,4836,16172
20222,11740580,암사2동,15439,7481,7958,2450,2002,2920,2411,2241,3415,1230,967,1444,1210,1072,1558,1220,1035,1476,1201,1169,1857,6352
20222,11740590,암사3동,18359,8985,9374,3974,1970,2617,3282,2693,3823,2051,976,1202,1630,1298,1828,1923,994,1415,1652,1395,1995,6369
20222,11740600,천호1동,27485,13505,13980,3234,3850,4108,4108,4623,7562,1642,1932,2155,2155,2190,3431,1592,1918,1953,1953,2433,4131,12913
20222,11740610,천호2동,34494,17015,17479,3607,4975,6295,5026,5716,8875,1868,2349,3246,2600,2851,4101,1739,2626,3049,2426,2865,4774,17730
20222,11740620,천호3동,26573,12981,13592,2625,4225,4803,3788,4258,6874,1357,1864,2403,1968,2204,3185,1268,2361,2400,1820,2054,3689,13901
20222,11740640,성내1동,20230,9815,10415,3333,2716,3393,3322,3043,4423,1742,1345,1649,1613,1440,2026,1591,1371,1744,1709,1603,2397,8258
20222,11740650,성내2동,24318,11935,12383,2332,3995,4327,3504,3832,6328,1187,1811,2265,1813,1900,2959,1145,2184,2062,1691,1932,3369,12909
20222,11740660,성내3동,23440,11544,11896,3073,3628,3584,3615,3975,5565,1725,1882,1823,1766,1892,2456,1348,1746,1761,1849,2083,3109,10606
20222,11740685,길동,46576,22715,23861,5584,7189,7606,6859,7605,11733,2907,3400,3893,3508,3615,5392,2677,3789,3713,3351,3990,6341,21589
20222,11740690,둔촌1동,24,17,7,4,3,4,0,3,10,4,3,2,0,1,7,0,0,2,0,2,3,14
20222,11740700,둔촌2동,26347,12961,13386,4011,3746,3861,3901,4390,6438,2095,1883,1967,1950,2073,2993,1916,1863,1894,1951,2317,3445,11040
20221,11110515,청운효자동,12434,5780,6654,1993,1594,1697,2148,1979,3023,1046,793,780,967,919,1275,947,801,917,1181,1060,1748,5352
20221,11110530,사직동,9524,4267,5257,1267,1238,1443,1476,1562,2538,601,568,619,659,700,1120,666,670,824,817,862,1418,4758
20221,11110540,삼청동,2635,1271,1364,295,320,360,369,413,878,157,171,177,178,205,383,138,149,183,191,208,495,1340
20221,11110550,부암동,10015,4765,5250,1479,1340,1236,1628,1723,2609,778,689,588,755,782,1173,701,651,648,873,941,1436,4389
20221,11110560,평창동,18390,8553,9837,2815,2450,2233,2767,3266,4859,1428,1248,1032,1222,1474,2149,1387,1202,1201,1545,1792,2710,7519
20221,11110570,무악동,8541,3977,4564,1707,935,941,1505,1419,2034,779,431,427,709,744,887,928,504,514,796,675,1147,3189
20221,11110580,교남동,10466,4838,5628,1725,1272,1709,1852,1615,2293,844,603,790,873,776,952,881,669,919,979,839,1341,4594
20221,11110600,가회동,4325,2003,2322,544,493,573,767,685,1263,289,232,266,363,315,538,255,261,307,404,370,725,2075
20221,11110615,종로1?2?3?4가동,7242,4344,2898,394,878,939,959,1338,2734,208,460,528,598,942,1608,186,418,411,361,396,1126,5274
20221,11110630,종로5?6가동,5219,2821,2398,348,1066,704,586,977,1538,171,543,407,350,554,796,177,523,297,236,423,742,3392
20221,11110640,이화동,7603,3575,4028,664,1686,1243,974,1107,1929,323,780,606,489,545,832,341,906,637,485,562,1097,4433
20221,11110650,혜화동,16799,8091,8708,2001,4486,2077,2295,2302,3638,989,2213,1103,1098,1110,1578,1012,2273,974,1197,1192,2060,9367
20221,11110670,창신1동,5129,2771,2358,372,612,538,637,1112,1858,195,334,311,327,622,982,177,278,227,310,490,876,2960
20221,11110680,창신2동,8326,4290,4036,754,1169,895,1105,1832,2571,403,631,520,572,978,1186,351,538,375,533,854,1385,4184
20221,11110690,창신3동,6921,3393,3528,907,966,962,956,1290,1840,460,522,466,462,630,853,447,444,496,494,660,987,2911
20221,11110700,숭인1동,6080,2963,3117,648,807,829,943,1147,1706,312,420,428,494,565,744,336,387,401,449,582,962,3038
20221,11110710,숭인2동,9700,4913,4787,621,2093,1564,1262,1677,2483,312,864,859,712,913,1253,309,1229,705,550,764,1230,6160
20221,11140520,소공동,2073,1027,1046,280,219,421,449,307,397,126,90,206,241,158,206,154,129,215,208,149,191,1130
20221,11140540,회현동,5124,2713,2411,393,509,537,665,968,2052,191,226,253,365,569,1109,202,283,284,300,399,943,3014
20221,11140550,명동,2766,1177,1589,205,279,339,418,494,1031,108,130,164,182,206,387,97,149,175,236,288,644,1414
20221,11140570,필동,4038,2083,1955,361,727,624,493,611,1222,194,369,345,274,347,554,167,358,279,219,264,668,2408
20221,11140580,장충동,4665,2358,2307,472,1255,665,562,595,1116,239,672,349,300,300,498,233,583,316,262,295,618,2753
20221,11140590,광희동,5204,2697,2507,330,890,815,636,874,1659,171,381,454,355,497,839,159,509,361,281,377,820,3279
20221,11140605,을지로동,1959,1159,800,94,266,350,208,326,715,39,113,208,134,229,436,55,153,142,74,97,279,1504
20221,11140615,신당동,7698,3852,3846,564,1368,1310,1054,1396,2006,270,654,666,572,744,946,294,714,644,482,652,1060,4635
20221,11140625,다산동,14154,6850,7304,1392,2367,2249,2054,2295,3797,735,1146,1173,1037,1088,1671,657,1221,1076,1017,1207,2126,6915
20221,11140635,약수동,17127,8063,9064,2082,2019,2422,2464,2844,5296,1035,1013,1142,1226,1352,2295,1047,1006,1280,1238,1492,3001,7802
20221,11140645,청구동,14045,6664,7381,1656,2015,2203,1950,2371,3850,828,980,1101,953,1145,1657,828,1035,1102,997,1226,2193,6400
20221,11140650,신당5동,10518,5116,5402,1127,1672,1748,1550,1869,2552,566,773,883,787,982,1125,561,899,865,763,887,1427,5386
20221,11140665,동화동,10659,5140,5519,1596,1436,1344,1595,1957,2731,837,708,621,779,942,1253,759,728,723,816,1015,1478,4170
20221,11140670,황학동,12570,5998,6572,1255,2086,2794,1829,1784,2822,639,874,1376,899,909,1301,616,1212,1418,930,875,1521,6918
20221,11140680,중림동,12288,6125,6163,1794,1453,2254,2037,1944,2806,924,711,1073,1080,1004,1333,870,742,1181,957,940,1473,5647
20221,11170510,후암동,17736,8616,9120,2243,2606,2834,2810,2871,4372,1206,1315,1477,1347,1399,1872,1037,1291,1357,1463,1472,2500,8724
20221,11170520,용산2가동,9925,4771,5154,890,1548,1728,1381,1447,2931,458,805,893,707,670,1238,432,743,835,674,777,1693,5384
20221,11170530,남영동,7618,4636,2982,452,957,1041,1101,1625,2442,238,455,555,710,1144,1534,214,502,486,391,481,908,5384
20221,11170555,청파동,19837,9323,10514,1842,4244,3115,2758,3135,4743,954,1696,1686,1393,1553,2041,888,2548,1429,1365,1582,2702,11102
20221,11170560,원효로1동,16085,7749,8336,2188,2447,3698,2630,2210,2912,1121,1036,1809,1356,1093,1334,1067,1411,1889,1274,1117,1578,8035
20221,11170570,원효로2동,14197,6674,7523,2193,1857,2069,2306,2349,3423,968,872,1048,1127,1161,1498,1225,985,1021,1179,1188,1925,6038
20221,11170580,효창동,10191,4829,5362,1535,1574,1858,1571,1559,2094,792,733,902,744,749,909,743,841,956,827,810,1185,4373
20221,11170590,용문동,12297,5862,6435,1600,1849,2023,1852,1974,2999,818,885,989,912,975,1283,782,964,1034,940,999,1716,5438
20221,11170625,한강로동,19846,9585,10261,2117,3124,4016,2797,3365,4427,1107,1404,1912,1367,1665,2130,1010,1720,2104,1430,1700,2297,10405
20221,11170630,이촌1동,28160,13165,14995,5655,3004,3670,4920,4593,6318,2902,1468,1637,2205,2205,2748,2753,1536,2033,2715,2388,3570,10344
20221,11170640,이촌2동,8729,4103,4626,1077,965,1469,1258,1406,2554,552,476,745,620,652,1058,525,489,724,638,754,1496,3847
20221,11170650,이태원1동,6926,3294,3632,516,1054,1152,884,1130,2190,259,544,635,431,527,898,257,510,517,453,603,1292,3935
20221,11170660,이태원2동,9269,4266,5003,924,1400,1658,1420,1298,2569,459,686,825,674,583,1039,465,714,833,746,715,1530,5025
20221,11170685,한남동,21151,10175,10976,2336,2782,4033,3373,3289,5338,1216,1398,1985,1674,1573,2329,1120,1384,2048,1699,1716,3009,11412
20221,11170690,서빙고동,13196,6333,6863,2260,1801,1525,2470,2221,2919,1147,890,741,1166,1113,1276,1113,911,784,1304,1108,1643,5326
20221,11170700,보광동,14218,7045,7173,1259,2232,2158,2093,2490,3986,700,1252,1191,1051,1220,1631,559,980,967,1042,1270,2355,7784
20221,11200520,왕십리2동,17081,8307,8774,2432,2503,2939,2650,2746,3811,1247,1195,1474,1325,1327,1739,1185,1308,1465,1325,1419,2072,7629
20221,11200535,왕십리도선동,27086,12915,14171,3947,4406,4765,4037,4411,5520,2018,2036,2224,2026,2092,2519,1929,2370,2541,2011,2319,3001,12023
20221,11200540,마장동,22773,11240,11533,2826,4369,3275,3017,3712,5574,1427,2179,1689,1533,1816,2596,1399,2190,1586,1484,1896,2978,10912
20221,11200550,사근동,11920,6090,5830,1201,4632,1592,1152,1286,2057,564,2509,889,601,633,894,637,2123,703,551,653,1163,7801
20221,11200560,행당1동,14071,6791,7280,2003,2218,2282,2168,2273,3127,986,1081,1120,1048,1107,1449,1017,1137,1162,1120,1166,1678,6455
20221,11200570,행당2동,24054,11286,12768,3931,3028,3708,4081,3923,5383,1875,1425,1760,1971,1919,2336,2056,1603,1948,2110,2004,3047,9483
20221,11200580,응봉동,15758,7475,8283,2869,1754,2248,2936,2483,3468,1427,868,1094,1400,1209,1477,1442,886,1154,1536,1274,1991,6128
20221,11200590,금호1가동,15703,7515,8188,2366,1819,2758,2549,2383,3828,1219,909,1282,1304,1146,1655,1147,910,1476,1245,1237,2173,6713
20221,11200615,금호2?3가동,23406,11157,12249,3246,2931,4172,3755,3692,5610,1657,1483,1996,1844,1765,2412,1589,1448,2176,1911,1927,3198,10318
20221,11200620,금호4가동,14708,7034,7674,2349,1510,2808,2574,2119,3348,1212,769,1316,1279,1037,1421,1137,741,1492,1295,1082,1927,6460
20221,11200645,옥수동,26675,12414,14261,4247,3013,5092,4504,3943,5876,2150,1377,2265,2223,1827,2572,2097,1636,2827,2281,2116,3304,11091
20221,11200650,성수1가1동,16575,8293,8282,2156,2555,2909,2406,3050,3499,1134,1335,1452,1163,1548,1661,1022,1220,1457,1243,1502,1838,7671
20221,11200660,성수1가2동,13438,6602,6836,1677,2149,2476,2094,2055,2987,848,1052,1204,1019,1068,1411,829,1097,1272,1075,987,1576,6504
20221,11200670,성수2가1동,16593,8680,7913,1727,2345,2616,2324,3148,4433,895,1253,1423,1226,1713,2170,832,1092,1193,1098,1435,2263,8455
20221,11200690,성수2가3동,11147,5651,5496,1109,2015,1961,1458,1845,2759,563,936,1041,746,987,1378,546,1079,920,712,858,1381,5700
20221,11200720,송정동,10729,5665,5064,1133,1712,1647,1557,1963,2717,602,888,897,856,1075,1347,531,824,750,701,888,1370,5572
20221,11200790,용답동,11806,6233,5573,1041,2074,1656,1752,2196,3087,534,965,898,1008,1298,1530,507,1109,758,744,898,1557,6872
20221,11215710,화양동,22632,10720,11912,1087,9645,4383,2184,2090,3243,508,4133,2295,1217,1105,1462,579,5512,2088,967,985,1781,17039
20221,11215730,군자동,19923,9831,10092,1936,4484,3639,2628,2895,4341,1006,2121,1868,1376,1458,2002,930,2363,1771,1252,1437,2339,11155
20221,11215740,중곡1동,16176,7887,8289,1601,2880,3068,2253,2606,3768,833,1317,1558,1163,1279,1737,768,1563,1510,1090,1327,2031,8508
20221,11215750,중곡2동,21787,10306,11481,2595,3874,3899,2982,3549,4888,1317,1730,1890,1472,1666,2231,1278,2144,2009,1510,1883,2657,10545
20221,11215760,중곡3동,16644,8257,8387,1716,2705,2744,2320,2910,4249,898,1343,1436,1184,1434,1962,818,1362,1308,1136,1476,2287,8551
20221,11215770,중곡4동,29181,14304,14877,3400,4472,4348,4146,5276,7539,1807,2245,2176,2108,2509,3459,1593,2227,2172,2038,2767,4080,13163
20221,11215780,능동,11615,5328,6287,1133,2404,2672,1643,1413,2350,586,1010,1195,829,652,1056,547,1394,1477,814,761,1294,6510
20221,11215810,광장동,35430,17108,18322,8824,4147,3834,7693,5468,5464,4537,2056,1650,3547,2785,2533,4287,2091,2184,4146,2683,2931,12065
20221,11215820,자양1동,22775,10942,11833,2529,4391,3787,3382,3627,5059,1286,2068,1901,1692,1749,2246,1243,2323,1886,1690,1878,2813,11855
20221,11215830,자양2동,25646,12492,13154,3521,3864,3931,4043,4283,6004,1842,1919,1942,2003,2004,2782,1679,1945,1989,2040,2279,3222,11214
20221,11215840,자양3동,28690,13776,14914,4975,3957,4335,4594,4673,6156,2475,1946,2052,2154,2253,2896,2500,2011,2283,2440,2420,3260,11170
20221,11215847,자양4동,17745,8826,8919,1591,2702,2606,2453,3099,5294,778,1318,1404,1283,1625,2418,813,1384,1202,1170,1474,2876,9474
20221,11215850,구의1동,22038,10524,11514,2045,4832,4230,3213,3188,4530,1031,2215,2122,1605,1546,2005,1014,2617,2108,1608,1642,2525,12108
20221,11215860,구의2동,26958,12964,13994,4138,3771,3883,4354,4526,6286,2097,1851,1942,2110,2165,2799,2041,1920,1941,2244,2361,3487,11685
20221,11215870,구의3동,29306,13933,15373,4413,4769,4624,4570,4898,6032,2193,2235,2247,2122,2339,2797,2220,2534,2377,2448,2559,3235,12201
20221,11230536,용신동,31118,15778,15340,2704,6129,5357,4225,4670,8033,1414,2903,2806,2318,2502,3835,1290,3226,2551,1907,2168,4198,18390
20221,11230545,제기동,24935,12789,12146,2428,4415,3263,3125,3836,7868,1253,2406,1820,1709,2020,3581,1175,2009,1443,1416,1816,4287,13286
20221,11230560,전농1동,30150,15129,15021,3806,4675,4382,4328,4909,8050,1928,2377,2263,2273,2519,3769,1878,2298,2119,2055,2390,4281,15185
20221,11230570,전농2동,19195,9231,9964,2975,2383,2304,3059,3296,5178,1480,1200,1161,1479,1613,2298,1495,1183,1143,1580,1683,2880,7805
20221,11230600,답십리1동,29090,14088,15002,4716,4011,5271,4716,4287,6089,2398,1865,2506,2451,2089,2779,2318,2146,2765,2265,2198,3310,12898
20221,11230610,답십리2동,29220,14189,15031,3839,3839,4490,4234,4976,7842,1921,1922,2288,2131,2430,3497,1918,1917,2202,2103,2546,4345,12848
20221,11230650,장안1동,38693,19230,19463,5173,5285,6342,6384,6071,9438,2659,2517,3272,3325,3000,4457,2514,2768,3070,3059,3071,4981,18258
20221,11230660,장안2동,33005,16505,16500,5728,3880,5160,5777,4941,7519,3020,2014,2570,2951,2476,3474,2708,1866,2590,2826,2465,4045,14016
20221,11230705,청량리동,19830,9886,9944,1906,2316,2220,2536,3474,7378,987,1232,1196,1336,1766,3369,919,1084,1024,1200,1708,4009,10036
20221,11230710,회기동,10447,5009,5438,1150,3163,1480,1327,1232,2095,573,1490,795,651,623,877,577,1673,685,676,609,1218,6296
20221,11230720,휘경1동,13616,6578,7038,1569,3278,2177,1698,1933,2961,793,1452,1131,876,961,1365,776,1826,1046,822,972,1596,7186
20221,11230730,휘경2동,24296,12051,12245,3314,5327,3015,3532,3537,5571,1618,2840,1606,1741,1741,2505,1696,2487,1409,1791,1796,3066,11851
20221,11230740,이문1동,18532,9220,9312,1993,4775,2170,2439,2613,4542,1009,2386,1233,1245,1348,1999,984,2389,937,1194,1265,2543,10572
20221,11230750,이문2동,20461,9917,10544,3111,2843,2518,3208,3420,5361,1559,1373,1262,1605,1709,2409,1552,1470,1256,1603,1711,2952,8712
20221,11260520,면목2동,24773,12340,12433,2884,3381,3293,3687,4931,6597,1440,1677,1740,1950,2517,3016,1444,1704,1553,1737,2414,3581,12298
20221,11260540,면목4동,18750,9350,9400,2207,2472,2623,2927,3238,5283,1158,1283,1376,1564,1612,2357,1049,1189,1247,1363,1626,2926,8959
20221,11260550,면목5동,15170,7642,7528,2296,1864,2772,2316,2575,3347,1164,953,1399,1253,1307,1566,1132,911,1373,1063,1268,1781,6602
20221,11260565,면목본동,34313,17041,17272,3553,5321,5289,5041,6298,8811,1792,2699,2779,2642,3102,4027,1761,2622,2510,2399,3196,4784,17765
20221,11260570,면목7동,22366,11210,11156,2455,3128,3426,3182,3927,6248,1318,1596,1763,1693,1906,2934,1137,1532,1663,1489,2021,3314,10708
20221,11260575,면목3?8동,25508,12676,12832,2598,3810,3613,3513,4721,7253,1334,1920,1926,1840,2301,3355,1264,1890,1687,1673,2420,3898,12759
20221,11260580,상봉1동,24775,12114,12661,3851,3574,3649,3602,4416,5683,2032,1762,1843,1764,2121,2592,1819,1812,1806,1838,2295,3091,10297
20221,11260590,상봉2동,19882,9674,10208,1606,4048,4117,2622,3103,4386,839,1702,2111,1380,1564,2078,767,2346,2006,1242,1539,2308,11702
20221,11260600,중화1동,20232,9911,10321,2627,2925,3217,2837,3381,5245,1333,1436,1670,1488,1575,2409,1294,1489,1547,1349,1806,2836,9121
20221,11260610,중화2동,25562,13123,12439,2236,3772,3694,3501,4968,7391,1192,1871,1974,1887,2635,3564,1044,1901,1720,1614,2333,3827,13880
20221,11260620,묵1동,35402,17135,18267,5518,4995,4950,5894,5553,8492,2814,2401,2449,2911,2669,3891,2704,2594,2501,2983,2884,4601,14972
20221,11260630,묵2동,19446,9570,9876,2330,2728,3123,2907,3245,5113,1208,1330,1630,1468,1588,2346,1122,1398,1493,1439,1657,2767,9338
20221,11260655,망우본동,30392,15262,15130,3381,4214,4110,4126,5693,8868,1713,2136,2142,2232,2865,4174,1668,2078,1968,1894,2828,4694,15073
20221,11260660,망우3동,17107,8588,8519,1962,2336,2149,2440,3321,4899,948,1191,1169,1254,1694,2332,1014,1145,980,1186,1627,2567,8431
20221,11260680,신내1동,39688,19315,20373,7169,4931,5130,6037,6572,9849,3676,2503,2528,3029,3110,4469,3493,2428,2602,3008,3462,5380,14806
20221,11260690,신내2동,21208,10115,11093,3132,2583,2946,3221,3559,5767,1600,1316,1446,1569,1674,2510,1532,1267,1500,1652,1885,3257,9076
20221,11290525,성북동,16832,7862,8970,1967,2808,2518,2545,2762,4232,1011,1287,1198,1210,1306,1850,956,1521,1320,1335,1456,2382,8225
20221,11290555,삼선동,23545,11221,12324,3053,4275,3339,3694,3674,5510,1597,1907,1646,1807,1847,2417,1456,2368,1693,1887,1827,3093,11689
20221,11290575,동선동,15583,6532,9051,1529,4477,2508,2036,1930,3103,712,1421,1154,973,958,1314,817,3056,1354,1063,972,1789,9347
20221,11290580,돈암1동,15288,7144,8144,2174,2082,1981,2215,2719,4117,1053,964,979,1037,1300,1811,1121,1118,1002,1178,1419,2306,6236
20221,11290590,돈암2동,24591,11692,12899,4892,3025,3040,4516,4079,5039,2475,1488,1421,2127,1965,2216,2417,1537,1619,2389,2114,2823,8735
20221,11290600,안암동,14908,7511,7397,1279,5070,2002,1660,2004,2893,660,2643,1121,851,990,1246,619,2427,881,809,1014,1647,9202
20221,11290610,보문동,15749,7608,8141,1933,2707,2624,2415,2553,3517,952,1335,1332,1227,1219,1543,981,1372,1292,1188,1334,1974,7827
20221,11290620,정릉1동,18647,9008,9639,3231,2318,2650,3258,2855,4335,1648,1159,1295,1589,1411,1906,1583,1159,1355,1669,1444,2429,7502
20221,11290630,정릉2동,23495,11368,12127,3412,3249,3158,3632,3747,6297,1740,1643,1612,1793,1808,2772,1672,1606,1546,1839,1939,3525,9882
20221,11290640,정릉3동,15532,7689,7843,1596,3171,1909,1949,2386,4521,817,1745,1074,958,1167,1928,779,1426,835,991,1219,2593,8011
20221,11290650,정릉4동,25601,12380,13221,3856,3267,3292,4220,4171,6795,2019,1691,1590,2086,2015,2979,1837,1576,1702,2134,2156,3816,10979
20221,11290660,길음1동,36397,17304,19093,8899,3486,4714,7942,4966,6390,4450,1667,2121,3814,2536,2716,4449,1819,2593,4128,2430,3674,12775
20221,11290685,길음2동,17041,8242,8799,2879,2126,2532,2956,2771,3777,1526,1016,1235,1410,1368,1687,1353,1110,1297,1546,1403,2090,7118
20221,11290705,종암동,39773,19588,20185,6415,5839,5234,6460,6365,9460,3409,3066,2603,3187,3172,4151,3006,2773,2631,3273,3193,5309,17435
20221,11290715,월곡1동,26920,13023,13897,4720,3043,3598,4607,4260,6692,2330,1462,1765,2323,2105,3038,2390,1581,1833,2284,2155,3654,10916
20221,11290725,월곡2동,19925,9584,10341,2596,3584,2738,2870,3042,5095,1341,1527,1415,1452,1549,2300,1255,2057,1323,1418,1493,2795,9615
20221,11290760,장위1동,20207,9845,10362,2501,3027,2472,2908,3818,5481,1259,1553,1355,1404,1833,2441,1242,1474,1117,1504,1985,3040,9162
20221,11290770,장위2동,13848,6857,6991,1506,1925,1701,1967,2454,4295,755,964,906,1057,1255,1920,751,961,795,910,1199,2375,6593
20221,11290780,장위3동,17221,8518,8703,3194,2227,2772,2748,2712,3568,1632,1082,1354,1393,1384,1673,1562,1145,1418,1355,1328,1895,7094
20221,11290810,석관동,35589,17616,17973,4272,5198,5027,5177,6014,9901,2230,2573,2584,2693,2957,4579,2042,2625,2443,2484,3057,5322,16697
20221,11305534,삼양동,24555,12239,12316,3286,3153,3031,3666,4374,7045,1720,1627,1609,1868,2210,3205,1566,1526,1422,1798,2164,3840,11377
20221,11305535,미아동,22217,10700,11517,2132,3868,2899,3093,3846,6379,1135,1674,1533,1614,1861,2883,997,2194,1366,1479,1985,3496,11775
20221,11305545,송중동,30349,14594,15755,3618,4271,4115,4607,5199,8539,1809,2091,2072,2347,2453,3822,1809,2180,2043,2260,2746,4717,14073
20221,11305555,송천동,27466,13641,13825,2718,3703,3290,3934,5055,8766,1375,1888,1760,2072,2547,3999,1343,1815,1530,1862,2508,4767,13795
20221,11305575,삼각산동,31996,15394,16602,7015,3387,3850,6493,4975,6276,3608,1678,1804,3139,2475,2690,3407,1709,2046,3354,2500,3586,11742
20221,11305595,번1동,19057,9573,9484,1792,3283,2816,2946,3130,5090,948,1587,1524,1560,1627,2327,844,1696,1292,1386,1503,2763,10476
20221,11305603,번2동,16440,7977,8463,1781,2212,1808,2427,2776,5436,941,1153,1005,1234,1352,2292,840,1059,803,1193,1424,3144,7659
20221,11305608,번3동,17545,8257,9288,2317,1943,1748,2673,2831,6033,1179,991,904,1367,1362,2454,1138,952,844,1306,1469,3579,7579
20221,11305615,수유1동,21236,10516,10720,2420,3068,2789,3014,3628,6317,1237,1558,1504,1620,1757,2840,1183,1510,1285,1394,1871,3477,10452
20221,11305625,수유2동,21476,10289,11187,2498,2993,2581,3060,3784,6560,1316,1436,1372,1523,1793,2849,1182,1557,1209,1537,1991,3711,9731
20221,11305635,수유3동,23512,11646,11866,1962,4305,3385,3309,4036,6515,1021,2065,1846,1748,2040,2926,941,2240,1539,1561,1996,3589,12998
20221,11305645,우이동,20955,10206,10749,2501,2678,2592,3005,3588,6591,1333,1253,1397,1543,1730,2950,1168,1425,1195,1462,1858,3641,9647
20221,11305660,인수동,31311,15131,16180,3707,4100,3842,4506,5425,9731,1862,2053,2026,2304,2587,4299,1845,2047,1816,2202,2838,5432,14563
20221,11320511,창1동,25241,12027,13214,3749,3307,3413,4121,4181,6470,1899,1643,1707,1996,1944,2838,1850,1664,1706,2125,2237,3632,10877
20221,11320512,창2동,29648,14474,15174,4104,4143,4145,4588,5178,7490,2143,2064,2079,2327,2465,3396,1961,2079,2066,2261,2713,4094,12458
20221,11320513,창3동,14305,7124,7181,1863,1828,1710,2167,2621,4116,972,951,913,1114,1297,1877,891,877,797,1053,1324,2239,6654
20221,11320514,창4동,27197,13076,14121,4413,3735,3420,4429,4919,6281,2270,1895,1656,2085,2324,2846,2143,1840,1764,2344,2595,3435,10753
20221,11320515,창5동,25203,12123,13080,3530,3726,3560,3569,4456,6362,1829,1824,1829,1689,2050,2902,1701,1902,1731,1880,2406,3460,10266
20221,11320521,도봉1동,21653,10950,10703,2080,2634,2404,2927,3810,7798,1080,1409,1328,1589,1903,3641,1000,1225,1076,1338,1907,4157,10426
20221,11320522,도봉2동,27800,13600,14200,3388,3341,3654,3809,4506,9102,1749,1687,1858,1932,2193,4181,1639,1654,1796,1877,2313,4921,12123
20221,11320660,쌍문1동,21794,10500,11294,2809,3096,2598,3250,3692,6349,1395,1467,1335,1653,1769,2881,1414,1629,1263,1597,1923,3468,9441
20221,11320670,쌍문2동,19253,9269,9984,2422,2545,2624,2799,3329,5534,1274,1299,1355,1408,1499,2434,1148,1246,1269,1391,1830,3100,8673
20221,11320680,쌍문3동,16762,8136,8626,1819,2499,2380,2433,2846,4785,938,1227,1233,1259,1319,2160,881,1272,1147,1174,1527,2625,7896
20221,11320681,쌍문4동,19259,9090,10169,3249,2568,2322,3007,3437,4676,1648,1290,1120,1366,1548,2118,1601,1278,1202,1641,1889,2558,7196
20221,11320690,방학1동,28975,14420,14555,3761,3904,3352,4238,5428,8292,1893,2031,1733,2100,2731,3932,1868,1873,1619,2138,2697,4360,12737
20221,11320700,방학2동,20278,10245,10033,2435,2723,2210,2949,3774,6187,1269,1488,1213,1526,1867,2882,1166,1235,997,1423,1907,3305,9509
20221,11320710,방학3동,27895,13583,14312,4769,3369,3212,4256,4835,7454,2561,1841,1613,1998,2244,3326,2208,1528,1599,2258,2591,4128,10068
20221,11350560,월계1동,22454,11554,10900,2925,3873,2717,3440,3569,5930,1545,2226,1478,1774,1796,2735,1380,1647,1239,1666,1773,3195,10472
20221,11350570,월계2동,27466,13247,14219,3943,3244,3238,4338,4625,8078,2022,1726,1633,2197,2212,3457,1921,1518,1605,2141,2413,4621,12063
20221,11350580,월계3동,30593,14662,15931,4410,3601,4627,4676,4803,8476,2277,1801,2329,2358,2243,3654,2133,1800,2298,2318,2560,4822,13009
20221,11350595,공릉1동,37700,18335,19365,4795,6830,5406,5406,5849,9414,2423,3395,2741,2754,2813,4209,2372,3435,2665,2652,3036,5205,18300
20221,11350600,공릉2동,39784,19394,20390,7324,6721,5226,6584,6121,7808,3763,3325,2611,3110,3009,3576,3561,3396,2615,3474,3112,4232,16502
20221,11350611,하계1동,27479,13234,14245,4354,4696,2748,4237,4977,6467,2399,2514,1385,1874,2411,2651,1955,2182,1363,2363,2566,3816,11662
20221,11350612,하계2동,22673,10808,11865,4351,3096,2556,4071,3921,4678,2243,1577,1212,1896,1889,1991,2108,1519,1344,2175,2032,2687,8303
20221,11350619,중계본동,24840,12174,12666,6075,3245,1908,5083,4554,3975,3112,1709,900,2222,2366,1865,2963,1536,1008,2861,2188,2110,8624
20221,11350621,중계1동,27473,13374,14099,7750,2973,2006,6627,4469,3648,4106,1542,854,2884,2391,1597,3644,1431,1152,3743,2078,2051,9073
20221,11350624,중계4동,20700,9999,10701,3504,2613,1993,3542,3612,5436,1885,1369,1010,1643,1814,2278,1619,1244,983,1899,1798,3158,8476
20221,11350625,중계2?3동,35461,16354,19107,5317,4341,4303,5926,5653,9921,2597,2229,2087,2909,2654,3878,2720,2112,2216,3017,2999,6043,15408
20221,11350630,상계1동,39064,18975,20089,5741,5302,4946,5735,7015,10325,2980,2717,2468,2753,3308,4749,2761,2585,2478,2982,3707,5576,15655
20221,11350640,상계2동,20557,10167,10390,2880,3323,2335,3102,3944,4973,1464,1667,1226,1491,1981,2338,1416,1656,1109,1611,1963,2635,8798
20221,11350665,상계3?4동,27081,13471,13610,3538,3256,2965,4002,4808,8512,1869,1757,1560,2016,2435,3834,1669,1499,1405,1986,2373,4678,12221
20221,11350670,상계5동,24691,11998,12693,3176,3492,2631,3739,4552,7101,1613,1839,1383,1831,2219,3113,1563,1653,1248,1908,2333,3988,11023
20221,11350695,상계6?7동,33550,15577,17973,5569,4630,4941,5572,5658,7180,2892,2225,2320,2562,2580,2998,2677,2405,2621,3010,3078,4182,13946
20221,11350700,상계8동,22935,11020,11915,4551,2687,4732,3919,3012,4034,2318,1324,2326,1956,1418,1678,2233,1363,2406,1963,1594,2356,9169
20221,11350710,상계9동,21136,10040,11096,3541,2753,2810,3507,3620,4905,1828,1434,1422,1589,1683,2084,1713,1319,1388,1918,1937,2821,8424
20221,11350720,상계10동,17437,8034,9403,2668,2543,2640,2729,3073,3784,1325,1204,1293,1215,1381,1616,1343,1339,1347,1514,1692,2168,7083
20221,11380510,녹번동,37380,17807,19573,4821,5070,6066,5831,5883,9709,2410,2384,3031,2940,2805,4237,2411,2686,3035,2891,3078,5472,17479
20221,11380520,불광1동,39732,18809,20923,5092,5477,5445,6021,6771,10926,2665,2663,2665,2910,3167,4739,2427,2814,2780,3111,3604,6187,17969
20221,11380530,불광2동,28437,13802,14635,2952,4339,3867,3953,4928,8398,1488,2181,2035,2040,2285,3773,1464,2158,1832,1913,2643,4625,13956
20221,11380551,갈현1동,23146,11280,11866,2591,3751,3056,3331,4008,6409,1351,1910,1617,1671,1856,2875,1240,1841,1439,1660,2152,3534,11152
20221,11380552,갈현2동,28872,13674,15198,4039,4370,3917,4715,4798,7033,2045,2101,1928,2263,2245,3092,1994,2269,1989,2452,2553,3941,12643
20221,11380560,구산동,32750,16287,16463,4675,4439,4119,5130,5670,8717,2300,2191,2118,2577,2856,4245,2375,2248,2001,2553,2814,4472,13401
20221,11380570,대조동,27235,12691,14544,2851,4889,4193,4105,4138,7059,1396,2140,2083,2018,2001,3053,1455,2749,2110,2087,2137,4006,14312
20221,11380580,응암1동,30938,14680,16258,4886,4201,5148,5227,4581,6895,2518,1922,2524,2564,2234,2918,2368,2279,2624,2663,2347,3977,14058
20221,11380590,응암2동,27580,13401,14179,5535,2765,5059,5193,3605,5423,2864,1395,2388,2662,1763,2329,2671,1370,2671,2531,1842,3094,11005
20221,11380600,응암3동,25229,12332,12897,2631,3648,3379,3615,4242,7714,1371,1853,1784,1854,2130,3340,1260,1795,1595,1761,2112,4374,12765
20221,11380625,역촌동,46566,22003,24563,6216,6530,6700,7609,7651,11860,3133,3114,3252,3792,3591,5121,3083,3416,3448,3817,4060,6739,20857
20221,11380631,신사1동,27543,13312,14231,3745,3920,4102,4204,4492,7080,1902,2004,2079,2072,2096,3159,1843,1916,2023,2132,2396,3921,11838
20221,11380632,신사2동,20812,10392,10420,2782,2938,2797,3166,3509,5620,1503,1523,1475,1616,1682,2593,1279,1415,1322,1550,1827,3027,9044
20221,11380640,증산동,15338,7474,7864,1940,2110,2024,2248,2579,4437,988,1044,1038,1104,1261,2039,952,1066,986,1144,1318,2398,6891
20221,11380650,수색동,11132,5498,5634,1442,1485,1729,1505,1965,3006,766,761,880,750,991,1350,676,724,849,755,974,1656,4737
20221,11380690,진관동,57020,26773,30247,12180,7112,6887,10773,8409,11659,6267,3087,3005,5018,4217,5179,5913,4025,3882,5755,4192,6480,21642
20221,11410520,천연동,17742,8412,9330,2727,2276,2419,2808,3004,4508,1362,1109,1178,1362,1485,1916,1365,1167,1241,1446,1519,2592,8016
20221,11410555,북아현동,16643,7949,8694,2524,2381,2894,2685,2778,3381,1279,1079,1417,1351,1375,1448,1245,1302,1477,1334,1403,1933,7469
20221,11410565,충현동,20756,9990,10766,2595,3434,3262,3046,3349,5070,1289,1650,1614,1535,1658,2244,1306,1784,1648,1511,1691,2826,10379
20221,11410585,신촌동,19272,8599,10673,1594,7419,3286,1982,1999,2992,809,2877,1645,970,1000,1298,785,4542,1641,1012,999,1694,13316
20221,11410615,연희동,36200,17437,18763,4151,7591,5620,5114,5256,8468,2102,3871,2818,2446,2492,3708,2049,3720,2802,2668,2764,4760,18862
20221,11410620,홍제1동,24329,11424,12905,3451,3166,3452,3793,4088,6379,1705,1557,1666,1825,1898,2773,1746,1609,1786,1968,2190,3606,10489
20221,11410640,홍제3동,15810,7661,8149,1897,2120,1969,2206,2714,4904,990,1065,1027,1100,1370,2109,907,1055,942,1106,1344,2795,7117
20221,11410655,홍제2동,14233,6779,7454,1910,1857,1925,2050,2570,3921,991,926,960,974,1225,1703,919,931,965,1076,1345,2218,5908
20221,11410660,홍은1동,22956,11085,11871,3264,2921,2994,3450,3966,6361,1647,1466,1519,1687,1950,2816,1617,1455,1475,1763,2016,3545,9716
20221,11410685,홍은2동,26960,13019,13941,3464,4245,3479,3999,4588,7185,1763,2139,1822,1971,2192,3132,1701,2106,1657,2028,2396,4053,12304
20221,11410690,남가좌1동,15900,7657,8243,3606,1553,2487,3089,2130,3035,1774,753,1104,1630,1043,1353,1832,800,1383,1459,1087,1682,5889
20221,11410700,남가좌2동,30036,14498,15538,5089,4293,4609,4921,4409,6715,2535,2087,2273,2490,2177,2936,2554,2206,2336,2431,2232,3779,13308
20221,11410710,북가좌1동,18445,8896,9549,3394,2173,2402,3277,3020,4179,1769,1051,1125,1637,1447,1867,1625,1122,1277,1640,1573,2312,6990
20221,11410720,북가좌2동,32607,15868,16739,4116,4817,4306,5035,5442,8891,2121,2443,2225,2462,2627,3990,1995,2374,2081,2573,2815,4901,14785
20221,11440555,아현동,25772,12061,13711,4469,3208,5156,4239,3878,4822,2155,1421,2382,2127,1859,2117,2314,1787,2774,2112,2019,2705,10610
20221,11440565,공덕동,37964,17907,20057,4584,6428,6526,5543,6396,8487,2344,2820,3154,2748,3136,3705,2240,3608,3372,2795,3260,4782,18628
20221,11440585,도화동,21763,10454,11309,3114,3007,3633,3231,3484,5294,1671,1449,1758,1549,1679,2348,1443,1558,1875,1682,1805,2946,9539
20221,11440590,용강동,21842,10278,11564,4294,2232,3775,4430,2940,4171,2082,1027,1722,2136,1469,1842,2212,1205,2053,2294,1471,2329,9300
20221,11440600,대흥동,14388,6943,7445,1565,3355,2375,2090,2036,2967,830,1511,1201,1045,1069,1287,735,1844,1174,1045,967,1680,8385
20221,11440610,염리동,12125,5839,6286,2088,1801,1869,2190,1765,2412,1045,869,901,1107,886,1031,1043,932,968,1083,879,1381,5677
20221,11440630,신수동,23146,11271,11875,3604,3477,3770,3911,3566,4818,1913,1749,1834,1839,1785,2151,1691,1728,1936,2072,1781,2667,10213
20221,11440655,서강동,24664,11742,12922,3605,4648,4109,4000,3678,4624,1832,2224,1937,1920,1751,2078,1773,2424,2172,2080,1927,2546,11619
20221,11440660,서교동,23682,10810,12872,1830,5964,5177,3499,2754,4458,914,2494,2421,1719,1338,1924,916,3470,2756,1780,1416,2534,14891
20221,11440680,합정동,19846,9219,10627,2303,3878,3956,2888,2722,4099,1149,1722,1882,1381,1299,1786,1154,2156,2074,1507,1423,2313,10285
20221,11440690,망원1동,20802,9777,11025,2377,3494,3922,3265,2974,4770,1185,1626,1868,1584,1468,2046,1192,1868,2054,1681,1506,2724,10513
20221,11440700,망원2동,19023,8954,10069,2766,2909,2976,3266,2821,4285,1375,1343,1408,1605,1387,1836,1391,1566,1568,1661,1434,2449,8571
20221,11440710,연남동,15575,7355,8220,1429,3229,3101,2336,2033,3447,743,1496,1506,1172,958,1480,686,1733,1595,1164,1075,1967,8854
20221,11440720,성산1동,19357,9097,10260,2453,3135,3401,3329,2884,4155,1204,1473,1643,1593,1367,1817,1249,1662,1758,1736,1517,2338,9419
20221,11440730,성산2동,40394,18378,22016,6010,6782,6742,6586,5765,8509,3097,2723,3065,3170,2809,3514,2913,4059,3677,3416,2956,4995,19041
20221,11440740,상암동,31404,14976,16428,6769,4296,4026,6183,4503,5627,3459,1944,1836,2951,2341,2445,3310,2352,2190,3232,2162,3182,12766
20221,11470510,목1동,31563,15159,16404,8109,3423,3302,6956,5008,4765,4075,1669,1392,3172,2622,2229,4034,1754,1910,3784,2386,2536,10556
20221,11470520,목2동,30445,14797,15648,4279,5011,5248,4629,4952,6326,2227,2449,2685,2219,2342,2875,2052,2562,2563,2410,2610,3451,13239
20221,11470530,목3동,22470,10726,11744,2922,3560,4033,3216,3652,5087,1564,1729,1974,1542,1653,2264,1358,1831,2059,1674,1999,2823,10117
20221,11470540,목4동,25946,12676,13270,4779,4172,2819,4581,4843,4752,2501,2196,1397,2031,2401,2150,2278,1976,1422,2550,2442,2602,10128
20221,11470550,목5동,42205,20895,21310,11030,4518,4004,9236,6680,6737,5957,2345,1744,4130,3455,3264,5073,2173,2260,5106,3225,3473,13578
20221,11470560,신월1동,20959,10757,10202,2336,2696,2770,3113,3915,6129,1198,1430,1526,1624,2051,2928,1138,1266,1244,1489,1864,3201,10203
20221,11470570,신월2동,21351,10461,10890,3225,2709,3045,3335,3356,5681,1617,1401,1550,1692,1627,2574,1608,1308,1495,1643,1729,3107,8607
20221,11470580,신월3동,15749,8297,7452,2039,2040,2036,2245,2962,4427,1075,1066,1110,1256,1628,2162,964,974,926,989,1334,2265,8040
20221,11470590,신월4동,18411,9050,9361,3120,2186,2512,3051,2841,4701,1617,1137,1244,1550,1376,2126,1503,1049,1268,1501,1465,2575,6961
20221,11470600,신월5동,15055,7459,7596,2281,2154,2110,2308,2549,3653,1195,1094,1114,1145,1215,1696,1086,1060,996,1163,1334,1957,6487
20221,11470610,신월6동,13741,6769,6972,2688,1606,2583,2159,2032,2673,1365,816,1294,1081,978,1235,1323,790,1289,1078,1054,1438,5226
20221,11470611,신월7동,20514,10068,10446,2446,2659,2642,2986,3601,6180,1259,1407,1392,1549,1759,2702,1187,1252,1250,1437,1842,3478,9234
20221,11470620,신정1동,20964,10227,10737,4914,2473,2078,4116,3542,3841,2536,1254,908,1933,1817,1779,2378,1219,1170,2183,1725,2062,7213
20221,11470630,신정2동,20051,9822,10229,4278,2592,1811,3814,3625,3931,2208,1334,845,1760,1857,1818,2070,1258,966,2054,1768,2113,7141
20221,11470640,신정3동,46374,22599,23775,8701,5912,5752,8007,7827,10175,4478,3059,2826,3872,3820,4544,4223,2853,2926,4135,4007,5631,17831
20221,11470650,신정4동,33533,16434,17099,4030,5286,5095,5263,5421,8438,2089,2536,2705,2624,2606,3874,1941,2750,2390,2639,2815,4564,16066
20221,11470670,신정6동,25017,12160,12857,5769,3198,2749,4744,4416,4141,2975,1640,1222,2137,2199,1987,2794,1558,1527,2607,2217,2154,8300
20221,11470680,신정7동,29891,14452,15439,5458,3604,3231,5210,5281,7107,2815,1880,1541,2501,2615,3100,2643,1724,1690,2709,2666,4007,11604
20221,11500510,염창동,41853,20346,21507,8696,5432,7332,7676,5956,6761,4472,2518,3483,3759,2925,3189,4224,2914,3849,3917,3031,3572,15820
20221,11500520,등촌1동,24118,11283,12835,2654,4989,6008,3255,3033,4179,1455,1994,2894,1605,1474,1861,1199,2995,3114,1650,1559,2318,13153
20221,11500530,등촌2동,21104,10340,10764,2962,3315,3540,3071,3453,4763,1604,1658,1791,1495,1601,2191,1358,1657,1749,1576,1852,2572,8766
20221,11500535,등촌3동,31490,15009,16481,3782,4182,4663,3927,5370,9566,1969,2152,2403,1873,2461,4151,1813,2030,2260,2054,2909,5415,15067
20221,11500540,화곡1동,51115,24830,26285,5142,9133,10320,7382,7240,11898,2596,4115,5477,3856,3406,5380,2546,5018,4843,3526,3834,6518,26338
20221,11500550,화곡2동,17836,8686,9150,2559,2533,2796,3000,2785,4163,1290,1276,1471,1516,1307,1826,1269,1257,1325,1484,1478,2337,7957
20221,11500560,화곡3동,21443,10303,11140,2897,3086,3161,3180,3268,5851,1501,1468,1580,1522,1547,2685,1396,1618,1581,1658,1721,3166,9239
20221,11500570,화곡4동,20867,10214,10653,2499,2942,3333,3221,3401,5471,1296,1520,1731,1661,1616,2390,1203,1422,1602,1560,1785,3081,9638
20221,11500590,화곡본동,38372,18719,19653,5238,6547,7107,6129,5477,7874,2753,3077,3808,3121,2574,3386,2485,3470,3299,3008,2903,4488,18579
20221,11500591,화곡6동,24230,11844,12386,2858,4152,4039,3536,3860,5785,1539,1967,2075,1787,1837,2639,1319,2185,1964,1749,2023,3146,11873
20221,11500593,화곡8동,24746,11897,12849,2940,3770,4188,3938,3696,6214,1476,1845,2187,2001,1658,2730,1464,1925,2001,1937,2038,3484,11583
20221,11500603,가양1동,34206,15801,18405,3618,8428,8327,4599,4299,4935,1870,2872,4201,2404,2066,2388,1748,5556,4126,2195,2233,2547,20072
20221,11500604,가양2동,14520,6884,7636,1002,1712,2413,1504,2215,5674,515,768,1249,770,1034,2548,487,944,1164,734,1181,3126,8052
20221,11500605,가양3동,15544,7269,8275,1344,1846,3144,1929,2277,5004,691,885,1578,1018,1069,2028,653,961,1566,911,1208,2976,7912
20221,11500611,발산1동,37403,17751,19652,8455,4620,4428,7260,5715,6925,4173,2271,2104,3445,2759,2999,4282,2349,2324,3815,2956,3926,13523
20221,11500615,우장산동,43678,20888,22790,9278,5266,5575,8655,6506,8398,4537,2517,2657,4051,3239,3887,4741,2749,2918,4604,3267,4511,16129
20221,11500620,공항동,26929,13662,13267,4329,3789,5023,4292,3815,5681,2235,1907,2615,2307,1938,2660,2094,1882,2408,1985,1877,3021,12784
20221,11500630,방화1동,44340,21631,22709,8542,5323,6504,7719,6535,9717,4264,2565,3196,3916,3186,4504,4278,2758,3308,3803,3349,5213,17489
20221,11500640,방화2동,23107,11401,11706,2617,3321,3480,3188,3709,6792,1375,1594,1877,1690,1845,3020,1242,1727,1603,1498,1864,3772,11644
20221,11500641,방화3동,23471,11391,12080,2893,2599,3732,3470,3614,7163,1488,1349,1923,1768,1741,3122,1405,1250,1809,1702,1873,4041,11330
20221,11530510,신도림동,36197,17684,18513,7148,4343,6241,6543,5098,6824,3622,2102,2985,3216,2514,3245,3526,2241,3256,3327,2584,3579,13483
20221,11530520,구로1동,21220,10412,10808,3848,2824,3884,3634,3012,4018,2016,1343,1949,1829,1433,1842,1832,1481,1935,1805,1579,2176,8364
20221,11530530,구로2동,24606,12419,12187,2338,3251,2934,3507,4720,7856,1232,1697,1620,1857,2466,3547,1106,1554,1314,1650,2254,4309,12794
20221,11530540,구로3동,23853,12153,11700,2782,4134,5016,4016,3059,4846,1440,2015,2716,2213,1608,2161,1342,2119,2300,1803,1451,2685,13227
20221,11530550,구로4동,20378,9883,10495,1962,2826,2934,2972,3533,6151,994,1340,1521,1510,1779,2739,968,1486,1413,1462,1754,3412,10711
20221,11530560,구로5동,29372,14272,15100,3455,5067,5452,4126,4556,6716,1764,2225,2725,2110,2303,3145,1691,2842,2727,2016,2253,3571,14707
20221,11530595,가리봉동,9271,5026,4245,523,1489,1256,1183,1866,2954,287,781,728,670,1107,1453,236,708,528,513,759,1501,6040
20221,11530720,고척1동,23146,11542,11604,3293,3293,2908,3512,3936,6204,1708,1726,1514,1778,1922,2894,1585,1567,1394,1734,2014,3310,9619
20221,11530730,고척2동,27366,13549,13817,4073,3615,3326,4289,4791,7272,2075,1861,1677,2166,2368,3402,1998,1754,1649,2123,2423,3870,11610
20221,11530740,개봉1동,34336,17169,17167,4655,4632,5074,4975,5860,9140,2348,2370,2651,2570,2913,4317,2307,2262,2423,2405,2947,4823,14937
20221,11530750,개봉2동,31775,15502,16273,4516,3870,4570,4857,4978,8984,2301,1947,2289,2488,2344,4133,2215,1923,2281,2369,2634,4851,12605
20221,11530760,개봉3동,20845,10201,10644,2668,2612,2786,3224,3495,6060,1373,1339,1442,1654,1643,2750,1295,1273,1344,1570,1852,3310,8842
20221,11530770,오류1동,22669,11102,11567,2472,3979,4361,3183,3057,5617,1247,1777,2260,1660,1539,2619,1225,2202,2101,1523,1518,2998,11785
20221,11530780,오류2동,39127,18870,20257,7244,4661,5182,6707,5695,9638,3694,2271,2548,3375,2716,4266,3550,2390,2634,3332,2979,5372,15629
20221,11530790,수궁동,23972,11848,12124,3493,3088,3317,3833,3932,6309,1869,1608,1699,1902,1866,2904,1624,1480,1618,1931,2066,3405,9967
20221,11530800,항동,16279,8030,8249,3918,1720,3914,2663,1745,2319,2034,808,1894,1419,801,1074,1884,912,2020,1244,944,1245,6135
20221,11545510,가산동,23050,12608,10442,1401,6523,5434,2749,2970,3973,677,3035,3382,1711,1740,2063,724,3488,2052,1038,1230,1910,15924
20221,11545610,독산1동,42270,21748,20522,5535,7328,8449,6238,6244,8476,2809,3664,4707,3402,3148,4018,2726,3664,3742,2836,3096,4458,21131
20221,11545620,독산2동,19016,9631,9385,2117,2842,2493,2608,3813,5143,1101,1488,1352,1324,1918,2448,1016,1354,1141,1284,1895,2695,9436
20221,11545630,독산3동,24503,12308,12195,2380,3852,3545,3276,4761,6689,1212,1917,1979,1708,2361,3131,1168,1935,1566,1568,2400,3558,12553
20221,11545640,독산4동,15537,7838,7699,1633,2287,1980,2113,3248,4276,826,1163,1097,1053,1661,2038,807,1124,883,1060,1587,2238,7657
20221,11545670,시흥1동,33778,16865,16913,4166,5050,4789,5006,5947,8820,2187,2577,2554,2554,2915,4078,1979,2473,2235,2452,3032,4742,16124
20221,11545680,시흥2동,21962,10590,11372,3715,2495,2481,3497,3808,5966,1841,1292,1215,1719,1794,2729,1874,1203,1266,1778,2014,3237,8474
20221,11545690,시흥3동,11130,5525,5605,1259,1445,1431,1564,2015,3416,624,772,763,811,974,1581,635,673,668,753,1041,1835,4771
20221,11545700,시흥4동,20791,10307,10484,2627,2732,2585,2974,3923,5950,1333,1430,1373,1495,1880,2796,1294,1302,1212,1479,2043,3154,9154
20221,11545710,시흥5동,19686,9806,9880,2392,2548,2284,2890,3563,6009,1205,1368,1229,1502,1823,2679,1187,1180,1055,1388,1740,3330,9414
20221,11560515,영등포본동,21466,11010,10456,2702,2850,3306,3147,3652,5809,1396,1535,1733,1658,1906,2782,1306,1315,1573,1489,1746,3027,10338
20221,11560535,영등포동,28026,15044,12982,2095,6712,6875,3512,3593,5239,1066,2922,3839,2082,2232,2903,1029,3790,3036,1430,1361,2336,18953
20221,11560540,여의동,34156,16052,18104,5856,3872,5277,5485,5170,8496,2924,1791,2411,2587,2511,3828,2932,2081,2866,2898,2659,4668,13784
20221,11560550,당산1동,20750,10190,10560,2137,3542,4245,2927,3064,4835,1067,1602,2227,1521,1543,2230,1070,1940,2018,1406,1521,2605,10797
20221,11560560,당산2동,37551,17619,19932,5102,7320,8220,5249,4820,6840,2561,3028,3962,2584,2310,3174,2541,4292,4258,2665,2510,3666,18478
20221,11560585,도림동,18248,9159,9089,1948,2777,3231,2742,3001,4549,1022,1303,1708,1461,1577,2088,926,1474,1523,1281,1424,2461,9436
20221,11560605,문래동,33159,16250,16909,6315,3845,6194,5984,4184,6637,3259,1830,2974,3018,2104,3065,3056,2015,3220,2966,2080,3572,13355
20221,11560610,양평1동,17384,8564,8820,2234,2734,4319,2766,2051,3280,1176,1174,2251,1463,1053,1447,1058,1560,2068,1303,998,1833,9134
20221,11560620,양평2동,22389,11124,11265,3257,3686,5186,3358,3054,3848,1686,1688,2679,1689,1591,1791,1571,1998,2507,1669,1463,2057,10325
20221,11560630,신길1동,17447,8874,8573,1483,3387,2981,2441,2551,4604,752,1672,1710,1339,1335,2066,731,1715,1271,1102,1216,2538,10413
20221,11560650,신길3동,16891,8320,8571,2331,2166,2546,2490,2900,4458,1212,1070,1311,1284,1442,2001,1119,1096,1235,1206,1458,2457,7653
20221,11560660,신길4동,10489,5201,5288,1221,1420,1452,1496,1851,3049,620,752,774,758,927,1370,601,668,678,738,924,1679,5042
20221,11560670,신길5동,11179,5420,5759,1586,1391,1637,1647,1942,2976,791,695,866,830,941,1297,795,696,771,817,1001,1679,4997
20221,11560680,신길6동,19624,9600,10024,2527,3210,3293,2849,2953,4792,1374,1515,1653,1464,1427,2167,1153,1695,1640,1385,1526,2625,9247
20221,11560690,신길7동,20286,10120,10166,3830,2814,3497,3315,3101,3729,2047,1424,1728,1667,1541,1713,1783,1390,1769,1648,1560,2016,7911
20221,11560700,대림1동,14842,7366,7476,1761,2165,1995,2123,2533,4265,963,1073,1044,1134,1239,1913,798,1092,951,989,1294,2352,7219
20221,11560710,대림2동,12409,6100,6309,1050,1896,1704,1695,2198,3866,528,973,925,883,1071,1720,522,923,779,812,1127,2146,6977
20221,11560720,대림3동,22896,11479,11417,2642,3167,3292,3186,4257,6352,1368,1652,1778,1590,2128,2963,1274,1515,1514,1596,2129,3389,10429
20221,11590510,노량진1동,32054,15972,16082,3941,5592,5423,4353,4703,8042,2017,2937,2923,2265,2275,3555,1924,2655,2500,2088,2428,4487,15709
20221,11590520,노량진2동,12664,6491,6173,913,2337,1917,1552,2144,3801,477,1211,1127,853,1091,1732,436,1126,790,699,1053,2069,7466
20221,11590530,상도1동,45153,21834,23319,6123,9857,6311,6578,6345,9939,3111,4984,3119,3261,2960,4399,3012,4873,3192,3317,3385,5540,21584
20221,11590540,상도2동,27835,13383,14452,4175,4297,4679,4310,4116,6258,2137,2046,2276,2160,1975,2789,2038,2251,2403,2150,2141,3469,12575
20221,11590550,상도3동,25071,11976,13095,2902,4223,4208,3690,3881,6167,1480,1952,2186,1817,1849,2692,1422,2271,2022,1873,2032,3475,12051
20221,11590560,상도4동,28885,14018,14867,3599,4580,4840,4380,4403,7083,1897,2185,2522,2215,2092,3107,1702,2395,2318,2165,2311,3976,13804
20221,11590605,흑석동,32306,15694,16612,4521,5138,4548,4891,5216,7992,2321,2681,2248,2501,2478,3465,2200,2457,2300,2390,2738,4527,14266
20221,11590620,사당1동,23072,10944,12128,1730,5253,4655,2944,3088,5402,899,2260,2433,1510,1404,2438,831,2993,2222,1434,1684,2964,13289
20221,11590630,사당2동,27227,13111,14116,3452,3684,4489,4047,4186,7369,1852,1759,2225,1987,1994,3294,1600,1925,2264,2060,2192,4075,11947
20221,11590640,사당3동,25027,12119,12908,3769,3398,4133,3830,3640,6257,1968,1584,1974,1963,1721,2909,1801,1814,2159,1867,1919,3348,10564
20221,11590650,사당4동,14426,6900,7526,1501,2526,2494,2072,2102,3731,789,1168,1267,1076,967,1633,712,1358,1227,996,1135,2098,7154
20221,11590651,사당5동,14690,7131,7559,2065,2219,2597,2336,2184,3289,1067,1084,1321,1162,1031,1466,998,1135,1276,1174,1153,1823,6600
20221,11590660,대방동,38781,18450,20331,6483,6483,5434,6622,5833,7926,3192,3069,2662,3199,2929,3399,3291,3414,2772,3423,2904,4527,17282
20221,11590670,신대방1동,23662,11391,12271,4053,3406,3095,4027,3728,5353,2017,1635,1525,1917,1864,2433,2036,1771,1570,2110,1864,2920,10234
20221,11590680,신대방2동,20916,9943,10973,3271,3590,3408,3367,2789,4491,1652,1582,1665,1667,1341,2036,1619,2008,1743,1700,1448,2455,9769
20221,11620525,보라매동,23236,11427,11809,2448,4518,3839,3217,3219,5995,1286,2178,2100,1657,1518,2688,1162,2340,1739,1560,1701,3307,12009
20221,11620545,청림동,15551,7619,7932,2441,1851,2604,2481,2323,3851,1269,981,1307,1259,1142,1661,1172,870,1297,1222,1181,2190,6553
20221,11620565,성현동,33366,16092,17274,5398,4672,4512,5523,5221,8040,2827,2292,2250,2746,2528,3449,2571,2380,2262,2777,2693,4591,14122
20221,11620575,행운동,28912,14070,14842,2547,7342,5965,3654,3417,5987,1292,3311,3182,1915,1676,2694,1255,4031,2783,1739,1741,3293,17137
20221,11620585,낙성대동,15664,7865,7799,1312,5066,3223,1829,1583,2651,640,2416,1813,963,827,1206,672,2650,1410,866,756,1445,10254
20221,11620595,청룡동,34681,16671,18010,2915,11004,6667,4022,3847,6226,1431,4833,3542,2086,1942,2837,1484,6171,3125,1936,1905,3389,22229
20221,11620605,은천동,33720,16494,17226,4752,5449,5331,5238,4853,8097,2471,2592,2762,2702,2376,3591,2281,2857,2569,2536,2477,4506,15937
20221,11620615,중앙동,15166,7234,7932,1001,4394,2978,1720,1798,3275,507,1802,1624,936,899,1466,494,2592,1354,784,899,1809,9605
20221,11620625,인헌동,25460,12424,13036,2650,5694,4837,3503,3379,5397,1372,2688,2523,1778,1650,2413,1278,3006,2314,1725,1729,2984,13908
20221,11620630,남현동,18396,8882,9514,1833,3952,3720,2307,2559,4025,922,1783,1974,1198,1165,1840,911,2169,1746,1109,1394,2185,9538
20221,11620645,서원동,22343,11505,10838,1495,6371,4452,2707,2732,4586,770,3244,2599,1489,1305,2098,725,3127,1853,1218,1427,2488,13823
20221,11620655,신원동,18098,9066,9032,1459,4347,3218,2251,2420,4403,712,2194,1849,1221,1197,1893,747,2153,1369,1030,1223,2510,10797
20221,11620665,서림동,25506,13917,11589,2099,6035,5061,3556,3385,5370,1080,3335,3097,2132,1784,2489,1019,2700,1964,1424,1601,2881,15523
20221,11620685,신사동,22688,11352,11336,1931,5761,3910,2995,3223,4868,1039,2713,2213,1551,1600,2236,892,3048,1697,1444,1623,2632,13680
20221,11620695,신림동,21839,11395,10444,839,8411,5604,2485,1751,2749,416,4061,3225,1428,983,1282,423,4350,2379,1057,768,1467,17289
20221,11620715,난향동,15780,7777,8003,2670,1723,1904,2973,2567,3943,1355,886,944,1501,1293,1798,1315,837,960,1472,1274,2145,6422
20221,11620725,조원동,17480,8832,8648,1515,4082,3265,2234,2393,3991,759,1858,1834,1189,1265,1927,756,2224,1431,1045,1128,2064,10649
20221,11620735,대학동,24481,14713,9768,1847,6547,4989,3662,3212,4224,955,3889,3323,2473,2007,2066,892,2658,1666,1189,1205,2158,16777
20221,11620745,삼성동,23760,11871,11889,2455,2905,2688,3408,4238,8066,1308,1551,1525,1819,2119,3549,1147,1354,1163,1589,2119,4517,11204
20221,11620765,미성동,30979,15172,15807,4055,4797,4264,4700,4963,8200,2026,2369,2225,2407,2380,3765,2029,2428,2039,2293,2583,4435,14102
20221,11620775,난곡동,27330,13700,13630,3204,4102,3697,3921,4891,7515,1666,2135,2017,2058,2377,3447,1538,1967,1680,1863,2514,4068,12972
20221,11650510,서초1동,21009,10095,10914,3483,2834,3598,3801,2998,4295,1805,1355,1646,1827,1453,2009,1678,1479,1952,1974,1545,2286,9350
20221,11650520,서초2동,21404,10200,11204,3682,3055,4227,3838,2854,3748,1894,1368,1938,1830,1427,1743,1788,1687,2289,2008,1427,2005,9671
20221,11650530,서초3동,31930,15560,16370,4574,5251,5390,5052,4888,6775,2553,2465,2562,2392,2409,3179,2021,2786,2828,2660,2479,3596,14565
20221,11650531,서초4동,31457,15285,16172,7211,3587,3731,6395,4772,5761,3761,1736,1601,2974,2491,2722,3450,1851,2130,3421,2281,3039,11005
20221,11650540,잠원동,28349,13589,14760,5634,3683,3857,5551,4624,5000,2905,1773,1764,2544,2319,2284,2729,1910,2093,3007,2305,2716,11449
20221,11650550,반포본동,11947,5637,6310,2490,1494,892,2258,2175,2638,1277,719,401,924,1105,1211,1213,775,491,1334,1070,1427,4107
20221,11650560,반포1동,32298,15597,16701,6603,4226,5496,6623,4116,5234,3348,1923,2493,3327,2130,2376,3255,2303,3003,3296,1986,2858,14274
20221,11650570,반포2동,16079,7668,8411,4625,1360,1541,3721,2142,2690,2335,665,610,1697,1152,1209,2290,695,931,2024,990,1481,5109
20221,11650580,반포3동,22333,10576,11757,4968,2497,2613,4569,3491,4195,2554,1232,1151,2045,1768,1826,2414,1265,1462,2524,1723,2369,7739
20221,11650581,반포4동,19377,9164,10213,3854,2328,2649,3579,2865,4102,2017,1114,1171,1625,1372,1865,1837,1214,1478,1954,1493,2237,7275
20221,11650590,방배본동,21099,9797,11302,4277,2681,2432,3961,3423,4325,2062,1252,1077,1755,1706,1945,2215,1429,1355,2206,1717,2380,7997
20221,11650600,방배1동,17245,8086,9159,2512,2499,2969,2797,2455,4013,1311,1188,1346,1291,1144,1806,1201,1311,1623,1506,1311,2207,7644
20221,11650610,방배2동,20247,9493,10754,2819,2861,3177,3080,3164,5146,1434,1420,1474,1436,1433,2296,1385,1441,1703,1644,1731,2850,8671
20221,11650620,방배3동,21283,10278,11005,3322,2781,2942,3220,3528,5490,1710,1453,1406,1479,1644,2586,1612,1328,1536,1741,1884,2904,8284
20221,11650621,방배4동,23722,10840,12882,4290,3204,3625,4292,3525,4786,2036,1410,1603,1921,1708,2162,2254,1794,2022,2371,1817,2624,9812
20221,11650651,양재1동,44542,21287,23255,8390,5396,6773,7771,6302,9910,4300,2637,3243,3789,3000,4318,4090,2759,3530,3982,3302,5592,18222
20221,11650652,양재2동,22452,11264,11188,3064,3369,4543,3733,3340,4403,1606,1705,2366,1912,1643,2032,1458,1664,2177,1821,1697,2371,10829
20221,11650660,내곡동,17915,8715,9200,3318,1925,2725,3049,2476,4422,1677,1006,1269,1547,1161,2055,1641,919,1456,1502,1315,2367,7209
20221,11680510,신사동,16672,7731,8941,2650,2279,2384,2954,2499,3906,1354,1044,1054,1294,1235,1750,1296,1235,1330,1660,1264,2156,7323
20221,11680521,논현1동,22994,10809,12185,1589,4626,5821,3871,2821,4266,767,2092,2774,1866,1410,1900,822,2534,3047,2005,1411,2366,14400
20221,11680531,논현2동,21740,10121,11619,2445,3552,4562,3824,2978,4379,1264,1589,2048,1838,1458,1924,1181,1963,2514,1986,1520,2455,11676
20221,11680545,압구정동,27248,12572,14676,4957,3193,3377,4883,4104,6734,2375,1503,1445,2226,2016,3007,2582,1690,1932,2657,2088,3727,10622
20221,11680565,청담동,27014,12627,14387,4437,3801,4440,4805,3989,5542,2374,1718,1922,2212,1865,2536,2063,2083,2518,2593,2124,3006,11801
20221,11680580,삼성1동,13407,6623,6784,2141,1913,1955,2183,2170,3045,1205,1031,910,1005,1046,1426,936,882,1045,1178,1124,1619,5675
20221,11680590,삼성2동,30115,14342,15773,5917,3889,4981,6443,4143,4742,3215,1842,2094,2957,2115,2119,2702,2047,2887,3486,2028,2623,13439
20221,11680600,대치1동,24900,12528,12372,7507,2475,1568,6133,3814,3403,4189,1266,610,2705,2126,1632,3318,1209,958,3428,1688,1771,7380
20221,11680610,대치2동,37565,19103,18462,8358,4959,3268,7283,6730,6967,4874,2688,1512,3105,3518,3406,3484,2271,1756,4178,3212,3561,12986
20221,11680630,대치4동,20478,9657,10821,3322,3441,3367,4104,3213,3031,1758,1649,1508,1761,1619,1362,1564,1792,1859,2343,1594,1669,10328
20221,11680640,역삼1동,35804,17333,18471,2485,7528,10082,6058,4240,5411,1252,3206,5008,3103,2235,2529,1233,4322,5074,2955,2005,2882,23983
20221,11680650,역삼2동,36944,17309,19635,8499,4687,5243,8651,4847,5017,4158,2022,2250,3998,2632,2249,4341,2665,2993,4653,2215,2768,15675
20221,11680655,도곡1동,22087,10464,11623,4120,2986,3231,3872,3516,4362,1947,1400,1450,1848,1708,2111,2173,1586,1781,2024,1808,2251,8661
20221,11680656,도곡2동,33941,15779,18162,7711,4013,3590,6550,5477,6600,3594,1857,1463,2932,2746,3187,4117,2156,2127,3618,2731,3413,11792
20221,11680660,개포1동,6408,3121,3287,969,734,663,915,1044,2083,493,377,307,436,523,985,476,357,356,479,521,1098,2465
20221,11680670,개포2동,22211,10732,11479,4194,2920,2791,3692,3834,4780,2084,1508,1314,1689,1847,2290,2110,1412,1477,2003,1987,2490,8033
20221,11680690,개포4동,22529,10991,11538,3691,3161,3468,3759,3781,4669,1898,1599,1709,1775,1869,2141,1793,1562,1759,1984,1912,2528,9499
20221,11680700,세곡동,44314,21044,23270,9067,5380,6879,7809,6014,9165,4496,2594,3149,3846,2925,4034,4571,2786,3730,3963,3089,5131,17965
20221,11680720,일원본동,23927,11793,12134,5606,2620,2981,4542,3720,4458,3159,1363,1362,2093,1808,2008,2447,1257,1619,2449,1912,2450,8146
20221,11680730,일원1동,15672,7693,7979,1950,2208,2268,2145,2515,4586,1060,1150,1195,1092,1205,1991,890,1058,1073,1053,1310,2595,7465
20221,11680740,일원2동,17642,8556,9086,3007,1940,2579,3044,2602,4470,1748,1044,1243,1464,1255,1802,1259,896,1336,1580,1347,2668,7357
20221,11680750,수서동,15241,6919,8322,1214,1614,2318,1654,2259,6182,611,827,1166,871,1011,2433,603,787,1152,783,1248,3749,7876
20221,11710510,풍납1동,13896,6829,7067,1591,1720,1943,1993,2447,4202,854,906,1010,988,1184,1887,737,814,933,1005,1263,2315,6377
20221,11710520,풍납2동,25501,12123,13378,4043,3836,4296,4061,3703,5562,2066,1685,2035,1964,1800,2573,1977,2151,2261,2097,1903,2989,11071
20221,11710531,거여1동,12616,6407,6209,1624,1796,1715,1883,2273,3325,864,952,908,946,1149,1588,760,844,807,937,1124,1737,5510
20221,11710532,거여2동,19174,9408,9766,2911,2233,2678,3028,3315,5009,1544,1149,1362,1477,1614,2262,1367,1084,1316,1551,1701,2747,8170
20221,11710540,마천1동,19745,10078,9667,2616,2382,2237,2864,3618,6028,1349,1239,1240,1474,1930,2846,1267,1143,997,1390,1688,3182,8972
20221,11710550,마천2동,19564,9919,9645,2299,2476,2292,2772,3724,6001,1169,1327,1268,1459,1893,2803,1130,1149,1024,1313,1831,3198,8886
20221,11710561,방이1동,16193,7804,8389,2786,2490,2282,2697,2698,3240,1415,1272,1089,1237,1272,1519,1371,1218,1193,1460,1426,1721,6317
20221,11710562,방이2동,26148,12310,13838,2469,5177,5982,3661,3645,5214,1325,2194,2922,1790,1703,2376,1144,2983,3060,1871,1942,2838,14550
20221,11710566,오륜동,18483,9090,9393,4132,2182,1719,3403,3135,3912,2270,1153,720,1504,1557,1886,1862,1029,999,1899,1578,2026,5956
20221,11710570,오금동,39515,19163,20352,6095,5603,5699,5845,6883,9390,3194,2896,2797,2740,3225,4311,2901,2707,2902,3105,3658,5079,15693
20221,11710580,송파1동,24810,11632,13178,2634,4604,5425,3506,3518,5123,1313,2067,2648,1636,1622,2346,1321,2537,2777,1870,1896,2777,12434
20221,11710590,송파2동,20645,9906,10739,3578,2924,3076,3185,3366,4516,1804,1372,1460,1526,1606,2138,1774,1552,1616,1659,1760,2378,7647
20221,11710600,석촌동,32530,15505,17025,3554,5621,7052,4925,4728,6650,1809,2555,3402,2431,2280,3028,1745,3066,3650,2494,2448,3622,17072
20221,11710610,삼전동,31448,14829,16619,3634,5375,6677,5192,4518,6052,1877,2401,3288,2482,2104,2677,1757,2974,3389,2710,2414,3375,16326
20221,11710620,가락본동,27076,13418,13658,3532,4197,4793,3897,4753,5904,1836,2052,2439,1916,2319,2856,1696,2145,2354,1981,2434,3048,12010
20221,11710631,가락1동,27823,13521,14302,5459,3556,5350,4458,4032,4968,2829,1755,2531,2168,1896,2342,2630,1801,2819,2290,2136,2626,9908
20221,11710632,가락2동,33013,16237,16776,6137,4580,4836,5658,5272,6530,3225,2307,2343,2727,2549,3086,2912,2273,2493,2931,2723,3444,12379
20221,11710641,문정1동,20369,10050,10319,2824,3252,3529,2842,3347,4575,1468,1612,1813,1383,1571,2203,1356,1640,1716,1459,1776,2372,8431
20221,11710642,문정2동,29877,13858,16019,3239,5334,7644,4400,3626,5634,1659,2074,3549,2134,1773,2669,1580,3260,4095,2266,1853,2965,15761
20221,11710646,장지동,30000,14522,15478,5192,4094,4784,4776,4875,6279,2658,2056,2409,2337,2279,2783,2534,2038,2375,2439,2596,3496,12080
20221,11710647,위례동,30548,14863,15685,8837,2965,5317,6212,3558,3659,4431,1484,2420,3148,1765,1615,4406,1481,2897,3064,1793,2044,9900
20221,11710650,잠실본동,28558,13478,15080,3080,5101,6179,4452,4131,5615,1544,2252,3021,2143,1953,2565,1536,2849,3158,2309,2178,3050,15419
20221,11710670,잠실2동,36151,17260,18891,10069,3308,4094,8723,4853,5104,5081,1556,1644,4059,2641,2279,4988,1752,2450,4664,2212,2825,11899
20221,11710680,잠실3동,35314,16819,18495,7348,3923,4489,6295,5306,7953,3776,1876,1922,2920,2599,3726,3572,2047,2567,3375,2707,4227,12130
20221,11710690,잠실4동,21711,10433,11278,5208,2036,3121,4381,2899,4066,2682,1004,1302,2126,1436,1883,2526,1032,1819,2255,1463,2183,7418
20221,11710710,잠실6동,17212,8128,9084,3242,2014,2372,2779,2661,4144,1632,956,1051,1293,1232,1964,1610,1058,1321,1486,1429,2180,5983
20221,11710720,잠실7동,9882,4607,5275,1631,1286,1024,1402,1672,2867,733,615,466,621,813,1359,898,671,558,781,859,1508,3465
20221,11740515,강일동,35390,17082,18308,7624,4276,4332,5989,5365,7804,3929,2126,2040,2881,2636,3470,3695,2150,2292,3108,2729,4334,12960
20221,11740520,상일동,33197,16367,16830,7513,3597,5313,5919,4811,6044,3853,1862,2450,2986,2287,2929,3660,1735,2863,2933,2524,3115,11601
20221,11740530,명일1동,26280,12827,13453,4659,3266,4153,4261,4065,5876,2431,1635,2082,2044,1941,2694,2228,1631,2071,2217,2124,3182,10105
20221,11740540,명일2동,17494,8654,8840,3702,2192,1882,3116,2750,3852,1985,1129,937,1397,1358,1848,1717,1063,945,1719,1392,2004,6115
20221,11740550,고덕1동,25955,13187,12768,6578,2474,3548,5474,3467,4414,3612,1324,1661,2745,1769,2076,2966,1150,1887,2729,1698,2338,8800
20221,11740560,고덕2동,22444,11355,11089,4516,2448,3993,3796,3301,4390,2357,1289,1957,1975,1660,2117,2159,1159,2036,1821,1641,2273,8705
20221,11740570,암사1동,35440,17548,17892,4836,4853,5290,5602,6013,8846,2458,2531,2738,2867,2944,4010,2378,2322,2552,2735,3069,4836,16172
20221,11740580,암사2동,15439,7481,7958,2450,2002,2920,2411,2241,3415,1230,967,1444,1210,1072,1558,1220,1035,1476,1201,1169,1857,6352
20221,11740590,암사3동,18359,8985,9374,3974,1970,2617,3282,2693,3823,2051,976,1202,1630,1298,1828,1923,994,1415,1652,1395,1995,6369
20221,11740600,천호1동,27485,13505,13980,3234,3850,4108,4108,4623,7562,1642,1932,2155,2155,2190,3431,1592,1918,1953,1953,2433,4131,12913
20221,11740610,천호2동,34494,17015,17479,3607,4975,6295,5026,5716,8875,1868,2349,3246,2600,2851,4101,1739,2626,3049,2426,2865,4774,17730
20221,11740620,천호3동,26573,12981,13592,2625,4225,4803,3788,4258,6874,1357,1864,2403,1968,2204,3185,1268,2361,2400,1820,2054,3689,13901
20221,11740640,성내1동,20230,9815,10415,3333,2716,3393,3322,3043,4423,1742,1345,1649,1613,1440,2026,1591,1371,1744,1709,1603,2397,8258
20221,11740650,성내2동,24318,11935,12383,2332,3995,4327,3504,3832,6328,1187,1811,2265,1813,1900,2959,1145,2184,2062,1691,1932,3369,12909
20221,11740660,성내3동,23440,11544,11896,3073,3628,3584,3615,3975,5565,1725,1882,1823,1766,1892,2456,1348,1746,1761,1849,2083,3109,10606
20221,11740685,길동,46576,22715,23861,5584,7189,7606,6859,7605,11733,2907,3400,3893,3508,3615,5392,2677,3789,3713,3351,3990,6341,21589
20221,11740690,둔촌1동,24,17,7,4,3,4,0,3,10,4,3,2,0,1,7,0,0,2,0,2,3,14
20221,11740700,둔촌2동,26347,12961,13386,4011,3746,3861,3901,4390,6438,2095,1883,1967,1950,2073,2993,1916,1863,1894,1951,2317,3445,11040
